
Applying BELLE2 style settings...

[1mRooFit v3.60 -- Developed by Wouter Verkerke and David Kirkby[0m 
                Copyright (C) 2000-2013 NIKHEF, University of California & Stanford University
                All rights reserved, please read http://roofit.sourceforge.net/license.txt

[#1] INFO:DataHandling -- RooTreeDataStore::loadValues(data) Skipping event #44 because Dp_M cannot accommodate the value 2.00613
[#1] INFO:DataHandling -- RooTreeDataStore::loadValues(data) Skipping event #60 because Dp_M cannot accommodate the value 2.05608
[#1] INFO:DataHandling -- RooTreeDataStore::loadValues(data) Skipping event #64 because Dp_M cannot accommodate the value 1.69864
[#1] INFO:DataHandling -- RooTreeDataStore::loadValues(data) Skipping event #73 because Dp_M cannot accommodate the value 2.06155
[#1] INFO:DataHandling -- RooTreeDataStore::loadValues(data) Skipping ...
[#0] WARNING:DataHandling -- RooTreeDataStore::loadValues(data) Ignored 8483 out-of-range events
[#0] WARNING:InputArguments -- The parameter 'alphaL' with range [0, 10] of the RooCrystalBall 'CB_left' exceeds the safe range of (0, inf). Advise to limit its range.
[#0] WARNING:InputArguments -- The parameter 'alphaR' with range [0, 10] of the RooCrystalBall 'CB_left' exceeds the safe range of (0, inf). Advise to limit its range.
[#0] WARNING:InputArguments -- The parameter 'nL' with range [0, 10] of the RooCrystalBall 'CB_left' exceeds the safe range of (0, inf). Advise to limit its range.
[#0] WARNING:InputArguments -- The parameter 'nR' with range [0, 10] of the RooCrystalBall 'CB_left' exceeds the safe range of (0, inf). Advise to limit its range.
[#1] INFO:Eval -- RooRealVar::setRange(Dp_M) new range named 'fit' created with bounds [1.7,2]
[#1] INFO:Minization -- RooMinimizer::optimizeConst: activating const optimization
[#1] INFO:Fitting -- RooAbsOptTestStatistic::ctor(nll_model_data) constructing test statistic for sub-range named fit
[#1] INFO:Eval -- RooRealVar::setRange(Dp_M) new range named 'NormalizationRangeForfit' created with bounds [1.7,2]
[#1] INFO:Eval -- RooRealVar::setRange(Dp_M) new range named 'fit_nll_model_data' created with bounds [1.7,2]
[#1] INFO:Fitting -- RooAbsOptTestStatistic::ctor(nll_model_data) fixing interpretation of coefficients of any RooAddPdf to full domain of observables 
[#1] INFO:Eval -- RooAbsTestStatistic::initMPMode: started 4 remote server process.
 **********
 **    1 **SET PRINT           1
 **********
 **********
 **    2 **SET NOGRAD
 **********
 PARAMETER DEFINITIONS:
    NO.   NAME         VALUE      STEP SIZE      LIMITS
     1 a0           0.00000e+00  2.00000e-01   -1.00000e+00  1.00000e+00
     2 a1           0.00000e+00  2.00000e-01   -1.00000e+00  1.00000e+00
     3 alphaL       1.00000e+00  5.00000e-01    0.00000e+00  1.00000e+01
     4 alphaR       1.00000e+00  5.00000e-01    0.00000e+00  1.00000e+01
     5 fraction     5.00000e-01  1.00000e-01    0.00000e+00  1.00000e+00
     6 mean         1.95000e+00  2.00000e-02    1.80000e+00  2.00000e+00
     7 nL           1.00000e+00  5.00000e-01    0.00000e+00  1.00000e+01
     8 nR           1.00000e+00  5.00000e-01    0.00000e+00  1.00000e+01
     9 sigma        2.00000e-02  9.50000e-03    1.00000e-03  1.00000e-01
 **********
 **    3 **SET ERR         0.5
 **********
 **********
 **    4 **SET PRINT           1
 **********
 **********
 **    5 **SET STR           1
 **********
 NOW USING STRATEGY  1: TRY TO BALANCE SPEED AGAINST RELIABILITY
 **********
 **    6 **MIGRAD        4500           1
 **********
 FIRST CALL TO USER FUNCTION AT NEW START POINT, WITH IFLAG=4.
[#1] INFO:Minization --  The following expressions will be evaluated in cache-and-track mode: (CB_left,polynomial)
[#1] INFO:Minization --  The following expressions will be evaluated in cache-and-track mode: (CB_left,polynomial)
[#1] INFO:Minization --  The following expressions will be evaluated in cache-and-track mode: (CB_left,polynomial)
[#1] INFO:Minization --  The following expressions will be evaluated in cache-and-track mode: (CB_left,polynomial)
 START MIGRAD MINIMIZATION.  STRATEGY  1.  CONVERGENCE WHEN EDM .LT. 1.00e-03
 FCN=-250693 FROM MIGRAD    STATUS=INITIATE      113 CALLS         114 TOTAL
                     EDM= unknown      STRATEGY= 1      NO ERROR MATRIX       
  EXT PARAMETER               CURRENT GUESS       STEP         FIRST   
  NO.   NAME      VALUE            ERROR          SIZE      DERIVATIVE 
   1  a0           0.00000e+00   2.00000e-01   0.00000e+00  -1.98806e+02
   2  a1           0.00000e+00   2.00000e-01   0.00000e+00  -5.60014e+02
   3  alphaL       1.00000e+00   5.00000e-01   0.00000e+00  -2.40045e+04
   4  alphaR       1.00000e+00   5.00000e-01   0.00000e+00  -3.23901e+04
   5  fraction     5.00000e-01   1.00000e-01   0.00000e+00  -5.48748e+04
   6  mean         1.86838e+00   2.00000e-02   0.00000e+00   6.01602e+03
   7  nL           1.00000e+00   5.00000e-01   0.00000e+00  -6.14919e+04
   8  nR           1.00000e+00   5.00000e-01   0.00000e+00  -6.06927e+04
   9  sigma        3.42114e-03   9.50000e-03  -5.92879e-01  -3.76245e+03
                               ERR DEF= 0.5
RooMinimizerFcn: Minimized function has error status.
Returning maximum FCN so far (-116864) to force MIGRAD to back out of this region. Error log follows.
Parameter values: 	a0=-0.291709	a1=-0.420493	alphaL=1.39391	alphaR=1.86591	fraction=0.934369	mean=1.86829	nL=3.74008	nR=2.69531	sigma=0.0108249
RooNLLVar::nll_model_data[ paramSet=(a0,a1,alphaL,alphaR,fraction,mean,nL,nR,sigma) ]
     function value is NAN @ paramSet=(a0 = -0.291709,a1 = -0.420493,alphaL = 1.39391,alphaR = 1.86591,fraction = 0.934369,mean = 1.86829,nL = 3.74008,nR = 2.69531,sigma = 0.0108249)
PID1485759/RooRealMPFE::nll_model_data_8e2a330_MPFE3[ arg=nll_model_data_GOF3 vars=(a0,a1,alphaL,alphaR,fraction,mean,nL,nR,sigma) ]
     function value is NAN @ paramSet=(a0 = -0.291709,a1 = -0.420493,alphaL = 1.39391,alphaR = 1.86591,fraction = 0.934369,mean = 1.86829,nL = 3.74008,nR = 2.69531,sigma = 0.0108249)
     function value is NAN @ paramSet=(a0 = -0.291709,a1 = -0.420493,alphaL = 1.39391,alphaR = 1.86591,fraction = 0.934369,mean = 1.86829,nL = 3.74008,nR = 2.69531,sigma = 0.0108249)
     function value is NAN @ paramSet=(a0 = -0.291709,a1 = -0.420493,alphaL = 1.39391,alphaR = 1.86591,fraction = 0.934369,mean = 1.86829,nL = 3.74008,nR = 2.69531,sigma = 0.0108249)
     function value is NAN @ paramSet=(a0 = -0.291709,a1 = -0.420493,alphaL = 1.39391,alphaR = 1.86591,fraction = 0.934369,mean = 1.86829,nL = 3.74008,nR = 2.69531,sigma = 0.0108249)
     function value is NAN @ paramSet=(a0 = -0.291709,a1 = -0.420493,alphaL = 1.39391,alphaR = 1.86591,fraction = 0.934369,mean = 1.86829,nL = 3.74008,nR = 2.69531,sigma = 0.0108249)
     function value is NAN @ paramSet=(a0 = -0.291709,a1 = -0.420493,alphaL = 1.39391,alphaR = 1.86591,fraction = 0.934369,mean = 1.86829,nL = 3.74008,nR = 2.69531,sigma = 0.0108249)
     function value is NAN @ paramSet=(a0 = -0.291709,a1 = -0.420493,alphaL = 1.39391,alphaR = 1.86591,fraction = 0.934369,mean = 1.86829,nL = 3.74008,nR = 2.69531,sigma = 0.0108249)
     function value is NAN @ paramSet=(a0 = -0.291709,a1 = -0.420493,alphaL = 1.39391,alphaR = 1.86591,fraction = 0.934369,mean = 1.86829,nL = 3.74008,nR = 2.69531,sigma = 0.0108249)
     function value is NAN @ paramSet=(a0 = -0.291709,a1 = -0.420493,alphaL = 1.39391,alphaR = 1.86591,fraction = 0.934369,mean = 1.86829,nL = 3.74008,nR = 2.69531,sigma = 0.0108249)
     function value is NAN @ paramSet=(a0 = -0.291709,a1 = -0.420493,alphaL = 1.39391,alphaR = 1.86591,fraction = 0.934369,mean = 1.86829,nL = 3.74008,nR = 2.69531,sigma = 0.0108249)
     function value is NAN @ paramSet=(a0 = -0.291709,a1 = -0.420493,alphaL = 1.39391,alphaR = 1.86591,fraction = 0.934369,mean = 1.86829,nL = 3.74008,nR = 2.69531,sigma = 0.0108249)
     function value is NAN @ paramSet=(a0 = -0.291709,a1 = -0.420493,alphaL = 1.39391,alphaR = 1.86591,fraction = 0.934369,mean = 1.86829,nL = 3.74008,nR = 2.69531,sigma = 0.0108249)
    ... (remaining 2 messages suppressed)

RooMinimizerFcn: Minimized function has error status.
Returning maximum FCN so far (-116864) to force MIGRAD to back out of this region. Error log follows.
Parameter values: 	a0=-0.136804	a1=-0.264561	alphaL=1.39953	alphaR=1.98287	fraction=0.93317	mean=1.86823	nL=3.36738	nR=2.48775	sigma=0.0109113
RooNLLVar::nll_model_data[ paramSet=(a0,a1,alphaL,alphaR,fraction,mean,nL,nR,sigma) ]
     function value is NAN @ paramSet=(a0 = -0.136804,a1 = -0.264561,alphaL = 1.39953,alphaR = 1.98287,fraction = 0.93317,mean = 1.86823,nL = 3.36738,nR = 2.48775,sigma = 0.0109113)
PID1485759/RooRealMPFE::nll_model_data_8e2a330_MPFE3[ arg=nll_model_data_GOF3 vars=(a0,a1,alphaL,alphaR,fraction,mean,nL,nR,sigma) ]
     function value is NAN @ paramSet=(a0 = -0.136804,a1 = -0.264561,alphaL = 1.39953,alphaR = 1.98287,fraction = 0.93317,mean = 1.86823,nL = 3.36738,nR = 2.48775,sigma = 0.0109113)
     function value is NAN @ paramSet=(a0 = -0.136804,a1 = -0.264561,alphaL = 1.39953,alphaR = 1.98287,fraction = 0.93317,mean = 1.86823,nL = 3.36738,nR = 2.48775,sigma = 0.0109113)
     function value is NAN @ paramSet=(a0 = -0.136804,a1 = -0.264561,alphaL = 1.39953,alphaR = 1.98287,fraction = 0.93317,mean = 1.86823,nL = 3.36738,nR = 2.48775,sigma = 0.0109113)
     function value is NAN @ paramSet=(a0 = -0.136804,a1 = -0.264561,alphaL = 1.39953,alphaR = 1.98287,fraction = 0.93317,mean = 1.86823,nL = 3.36738,nR = 2.48775,sigma = 0.0109113)
     function value is NAN @ paramSet=(a0 = -0.136804,a1 = -0.264561,alphaL = 1.39953,alphaR = 1.98287,fraction = 0.93317,mean = 1.86823,nL = 3.36738,nR = 2.48775,sigma = 0.0109113)
     function value is NAN @ paramSet=(a0 = -0.136804,a1 = -0.264561,alphaL = 1.39953,alphaR = 1.98287,fraction = 0.93317,mean = 1.86823,nL = 3.36738,nR = 2.48775,sigma = 0.0109113)
     function value is NAN @ paramSet=(a0 = -0.136804,a1 = -0.264561,alphaL = 1.39953,alphaR = 1.98287,fraction = 0.93317,mean = 1.86823,nL = 3.36738,nR = 2.48775,sigma = 0.0109113)
     function value is NAN @ paramSet=(a0 = -0.136804,a1 = -0.264561,alphaL = 1.39953,alphaR = 1.98287,fraction = 0.93317,mean = 1.86823,nL = 3.36738,nR = 2.48775,sigma = 0.0109113)
     function value is NAN @ paramSet=(a0 = -0.136804,a1 = -0.264561,alphaL = 1.39953,alphaR = 1.98287,fraction = 0.93317,mean = 1.86823,nL = 3.36738,nR = 2.48775,sigma = 0.0109113)
     function value is NAN @ paramSet=(a0 = -0.136804,a1 = -0.264561,alphaL = 1.39953,alphaR = 1.98287,fraction = 0.93317,mean = 1.86823,nL = 3.36738,nR = 2.48775,sigma = 0.0109113)
     function value is NAN @ paramSet=(a0 = -0.136804,a1 = -0.264561,alphaL = 1.39953,alphaR = 1.98287,fraction = 0.93317,mean = 1.86823,nL = 3.36738,nR = 2.48775,sigma = 0.0109113)
     function value is NAN @ paramSet=(a0 = -0.136804,a1 = -0.264561,alphaL = 1.39953,alphaR = 1.98287,fraction = 0.93317,mean = 1.86823,nL = 3.36738,nR = 2.48775,sigma = 0.0109113)
    ... (remaining 2 messages suppressed)

RooMinimizerFcn: Minimized function has error status.
Returning maximum FCN so far (-116864) to force MIGRAD to back out of this region. Error log follows.
Parameter values: 	a0=-0.134142	a1=-0.261848	alphaL=1.39962	alphaR=1.98487	fraction=0.933149	mean=1.86823	nL=3.36115	nR=2.48429	sigma=0.0109128
RooNLLVar::nll_model_data[ paramSet=(a0,a1,alphaL,alphaR,fraction,mean,nL,nR,sigma) ]
     function value is NAN @ paramSet=(a0 = -0.134142,a1 = -0.261848,alphaL = 1.39962,alphaR = 1.98487,fraction = 0.933149,mean = 1.86823,nL = 3.36115,nR = 2.48429,sigma = 0.0109128)
PID1485759/RooRealMPFE::nll_model_data_8e2a330_MPFE3[ arg=nll_model_data_GOF3 vars=(a0,a1,alphaL,alphaR,fraction,mean,nL,nR,sigma) ]
     function value is NAN @ paramSet=(a0 = -0.134142,a1 = -0.261848,alphaL = 1.39962,alphaR = 1.98487,fraction = 0.933149,mean = 1.86823,nL = 3.36115,nR = 2.48429,sigma = 0.0109128)
     function value is NAN @ paramSet=(a0 = -0.134142,a1 = -0.261848,alphaL = 1.39962,alphaR = 1.98487,fraction = 0.933149,mean = 1.86823,nL = 3.36115,nR = 2.48429,sigma = 0.0109128)
     function value is NAN @ paramSet=(a0 = -0.134142,a1 = -0.261848,alphaL = 1.39962,alphaR = 1.98487,fraction = 0.933149,mean = 1.86823,nL = 3.36115,nR = 2.48429,sigma = 0.0109128)
     function value is NAN @ paramSet=(a0 = -0.134142,a1 = -0.261848,alphaL = 1.39962,alphaR = 1.98487,fraction = 0.933149,mean = 1.86823,nL = 3.36115,nR = 2.48429,sigma = 0.0109128)
     function value is NAN @ paramSet=(a0 = -0.134142,a1 = -0.261848,alphaL = 1.39962,alphaR = 1.98487,fraction = 0.933149,mean = 1.86823,nL = 3.36115,nR = 2.48429,sigma = 0.0109128)
     function value is NAN @ paramSet=(a0 = -0.134142,a1 = -0.261848,alphaL = 1.39962,alphaR = 1.98487,fraction = 0.933149,mean = 1.86823,nL = 3.36115,nR = 2.48429,sigma = 0.0109128)
     function value is NAN @ paramSet=(a0 = -0.134142,a1 = -0.261848,alphaL = 1.39962,alphaR = 1.98487,fraction = 0.933149,mean = 1.86823,nL = 3.36115,nR = 2.48429,sigma = 0.0109128)
     function value is NAN @ paramSet=(a0 = -0.134142,a1 = -0.261848,alphaL = 1.39962,alphaR = 1.98487,fraction = 0.933149,mean = 1.86823,nL = 3.36115,nR = 2.48429,sigma = 0.0109128)
     function value is NAN @ paramSet=(a0 = -0.134142,a1 = -0.261848,alphaL = 1.39962,alphaR = 1.98487,fraction = 0.933149,mean = 1.86823,nL = 3.36115,nR = 2.48429,sigma = 0.0109128)
     function value is NAN @ paramSet=(a0 = -0.134142,a1 = -0.261848,alphaL = 1.39962,alphaR = 1.98487,fraction = 0.933149,mean = 1.86823,nL = 3.36115,nR = 2.48429,sigma = 0.0109128)
     function value is NAN @ paramSet=(a0 = -0.134142,a1 = -0.261848,alphaL = 1.39962,alphaR = 1.98487,fraction = 0.933149,mean = 1.86823,nL = 3.36115,nR = 2.48429,sigma = 0.0109128)
     function value is NAN @ paramSet=(a0 = -0.134142,a1 = -0.261848,alphaL = 1.39962,alphaR = 1.98487,fraction = 0.933149,mean = 1.86823,nL = 3.36115,nR = 2.48429,sigma = 0.0109128)
    ... (remaining 2 messages suppressed)

RooMinimizerFcn: Minimized function has error status.
Returning maximum FCN so far (-116864) to force MIGRAD to back out of this region. Error log follows.
Parameter values: 	a0=-0.0960477	a1=-0.222895	alphaL=1.40098	alphaR=2.01353	fraction=0.932858	mean=1.86822	nL=3.27257	nR=2.435	sigma=0.0109337
RooNLLVar::nll_model_data[ paramSet=(a0,a1,alphaL,alphaR,fraction,mean,nL,nR,sigma) ]
     function value is NAN @ paramSet=(a0 = -0.0960477,a1 = -0.222895,alphaL = 1.40098,alphaR = 2.01353,fraction = 0.932858,mean = 1.86822,nL = 3.27257,nR = 2.435,sigma = 0.0109337)
PID1485759/RooRealMPFE::nll_model_data_8e2a330_MPFE3[ arg=nll_model_data_GOF3 vars=(a0,a1,alphaL,alphaR,fraction,mean,nL,nR,sigma) ]
     function value is NAN @ paramSet=(a0 = -0.0960477,a1 = -0.222895,alphaL = 1.40098,alphaR = 2.01353,fraction = 0.932858,mean = 1.86822,nL = 3.27257,nR = 2.435,sigma = 0.0109337)
     function value is NAN @ paramSet=(a0 = -0.0960477,a1 = -0.222895,alphaL = 1.40098,alphaR = 2.01353,fraction = 0.932858,mean = 1.86822,nL = 3.27257,nR = 2.435,sigma = 0.0109337)
     function value is NAN @ paramSet=(a0 = -0.0960477,a1 = -0.222895,alphaL = 1.40098,alphaR = 2.01353,fraction = 0.932858,mean = 1.86822,nL = 3.27257,nR = 2.435,sigma = 0.0109337)
     function value is NAN @ paramSet=(a0 = -0.0960477,a1 = -0.222895,alphaL = 1.40098,alphaR = 2.01353,fraction = 0.932858,mean = 1.86822,nL = 3.27257,nR = 2.435,sigma = 0.0109337)
     function value is NAN @ paramSet=(a0 = -0.0960477,a1 = -0.222895,alphaL = 1.40098,alphaR = 2.01353,fraction = 0.932858,mean = 1.86822,nL = 3.27257,nR = 2.435,sigma = 0.0109337)
     function value is NAN @ paramSet=(a0 = -0.0960477,a1 = -0.222895,alphaL = 1.40098,alphaR = 2.01353,fraction = 0.932858,mean = 1.86822,nL = 3.27257,nR = 2.435,sigma = 0.0109337)
     function value is NAN @ paramSet=(a0 = -0.0960477,a1 = -0.222895,alphaL = 1.40098,alphaR = 2.01353,fraction = 0.932858,mean = 1.86822,nL = 3.27257,nR = 2.435,sigma = 0.0109337)
     function value is NAN @ paramSet=(a0 = -0.0960477,a1 = -0.222895,alphaL = 1.40098,alphaR = 2.01353,fraction = 0.932858,mean = 1.86822,nL = 3.27257,nR = 2.435,sigma = 0.0109337)
     function value is NAN @ paramSet=(a0 = -0.0960477,a1 = -0.222895,alphaL = 1.40098,alphaR = 2.01353,fraction = 0.932858,mean = 1.86822,nL = 3.27257,nR = 2.435,sigma = 0.0109337)
     function value is NAN @ paramSet=(a0 = -0.0960477,a1 = -0.222895,alphaL = 1.40098,alphaR = 2.01353,fraction = 0.932858,mean = 1.86822,nL = 3.27257,nR = 2.435,sigma = 0.0109337)
     function value is NAN @ paramSet=(a0 = -0.0960477,a1 = -0.222895,alphaL = 1.40098,alphaR = 2.01353,fraction = 0.932858,mean = 1.86822,nL = 3.27257,nR = 2.435,sigma = 0.0109337)
     function value is NAN @ paramSet=(a0 = -0.0960477,a1 = -0.222895,alphaL = 1.40098,alphaR = 2.01353,fraction = 0.932858,mean = 1.86822,nL = 3.27257,nR = 2.435,sigma = 0.0109337)
    ... (remaining 2 messages suppressed)

 MINUIT WARNING IN MIGRAD  
 ============== Negative diagonal element 1 in Error Matrix
 MINUIT WARNING IN MIGRAD  
 ============== Negative diagonal element 2 in Error Matrix
 MINUIT WARNING IN MIGRAD  
 ============== Negative diagonal element 7 in Error Matrix
 MINUIT WARNING IN MIGRAD  
 ============== Negative diagonal element 8 in Error Matrix
 MINUIT WARNING IN MIGRAD  
 ============== 1.02261 added to diagonal of error matrix
RooMinimizerFcn: Minimized function has error status.
Returning maximum FCN so far (-116864) to force MIGRAD to back out of this region. Error log follows.
Parameter values: 	a0=0.786317	a1=-0.983602	alphaL=9.14806	alphaR=0.735376	fraction=0.836957	mean=1.96827	nL=1.5724	nR=4.47112	sigma=0.00223708
RooNLLVar::nll_model_data[ paramSet=(a0,a1,alphaL,alphaR,fraction,mean,nL,nR,sigma) ]
     function value is NAN @ paramSet=(a0 = 0.786317,a1 = -0.983602,alphaL = 9.14806,alphaR = 0.735376,fraction = 0.836957,mean = 1.96827,nL = 1.5724,nR = 4.47112,sigma = 0.00223708)
PID1485759/RooRealMPFE::nll_model_data_8e2a330_MPFE3[ arg=nll_model_data_GOF3 vars=(a0,a1,alphaL,alphaR,fraction,mean,nL,nR,sigma) ]
     function value is NAN @ paramSet=(a0 = 0.786317,a1 = -0.983602,alphaL = 9.14806,alphaR = 0.735376,fraction = 0.836957,mean = 1.96827,nL = 1.5724,nR = 4.47112,sigma = 0.00223708)
     function value is NAN @ paramSet=(a0 = 0.786317,a1 = -0.983602,alphaL = 9.14806,alphaR = 0.735376,fraction = 0.836957,mean = 1.96827,nL = 1.5724,nR = 4.47112,sigma = 0.00223708)
     function value is NAN @ paramSet=(a0 = 0.786317,a1 = -0.983602,alphaL = 9.14806,alphaR = 0.735376,fraction = 0.836957,mean = 1.96827,nL = 1.5724,nR = 4.47112,sigma = 0.00223708)
     function value is NAN @ paramSet=(a0 = 0.786317,a1 = -0.983602,alphaL = 9.14806,alphaR = 0.735376,fraction = 0.836957,mean = 1.96827,nL = 1.5724,nR = 4.47112,sigma = 0.00223708)
     function value is NAN @ paramSet=(a0 = 0.786317,a1 = -0.983602,alphaL = 9.14806,alphaR = 0.735376,fraction = 0.836957,mean = 1.96827,nL = 1.5724,nR = 4.47112,sigma = 0.00223708)
     function value is NAN @ paramSet=(a0 = 0.786317,a1 = -0.983602,alphaL = 9.14806,alphaR = 0.735376,fraction = 0.836957,mean = 1.96827,nL = 1.5724,nR = 4.47112,sigma = 0.00223708)
     function value is NAN @ paramSet=(a0 = 0.786317,a1 = -0.983602,alphaL = 9.14806,alphaR = 0.735376,fraction = 0.836957,mean = 1.96827,nL = 1.5724,nR = 4.47112,sigma = 0.00223708)
     function value is NAN @ paramSet=(a0 = 0.786317,a1 = -0.983602,alphaL = 9.14806,alphaR = 0.735376,fraction = 0.836957,mean = 1.96827,nL = 1.5724,nR = 4.47112,sigma = 0.00223708)
     function value is NAN @ paramSet=(a0 = 0.786317,a1 = -0.983602,alphaL = 9.14806,alphaR = 0.735376,fraction = 0.836957,mean = 1.96827,nL = 1.5724,nR = 4.47112,sigma = 0.00223708)
     function value is NAN @ paramSet=(a0 = 0.786317,a1 = -0.983602,alphaL = 9.14806,alphaR = 0.735376,fraction = 0.836957,mean = 1.96827,nL = 1.5724,nR = 4.47112,sigma = 0.00223708)
     function value is NAN @ paramSet=(a0 = 0.786317,a1 = -0.983602,alphaL = 9.14806,alphaR = 0.735376,fraction = 0.836957,mean = 1.96827,nL = 1.5724,nR = 4.47112,sigma = 0.00223708)
     function value is NAN @ paramSet=(a0 = 0.786317,a1 = -0.983602,alphaL = 9.14806,alphaR = 0.735376,fraction = 0.836957,mean = 1.96827,nL = 1.5724,nR = 4.47112,sigma = 0.00223708)
    ... (remaining 2 messages suppressed)

RooMinimizerFcn: Minimized function has error status.
Returning maximum FCN so far (-49191.5) to force MIGRAD to back out of this region. Error log follows.
Parameter values: 	a0=0.645386	a1=-0.747124	alphaL=1.24501	alphaR=1.55764	fraction=0.916415	mean=1.8682	nL=7.60292	nR=9.52755	sigma=0.0107578
RooNLLVar::nll_model_data[ paramSet=(a0,a1,alphaL,alphaR,fraction,mean,nL,nR,sigma) ]
     function value is NAN @ paramSet=(a0 = 0.645386,a1 = -0.747124,alphaL = 1.24501,alphaR = 1.55764,fraction = 0.916415,mean = 1.8682,nL = 7.60292,nR = 9.52755,sigma = 0.0107578)
PID1485759/RooRealMPFE::nll_model_data_8e2a330_MPFE3[ arg=nll_model_data_GOF3 vars=(a0,a1,alphaL,alphaR,fraction,mean,nL,nR,sigma) ]
     function value is NAN @ paramSet=(a0 = 0.645386,a1 = -0.747124,alphaL = 1.24501,alphaR = 1.55764,fraction = 0.916415,mean = 1.8682,nL = 7.60292,nR = 9.52755,sigma = 0.0107578)
     function value is NAN @ paramSet=(a0 = 0.645386,a1 = -0.747124,alphaL = 1.24501,alphaR = 1.55764,fraction = 0.916415,mean = 1.8682,nL = 7.60292,nR = 9.52755,sigma = 0.0107578)
     function value is NAN @ paramSet=(a0 = 0.645386,a1 = -0.747124,alphaL = 1.24501,alphaR = 1.55764,fraction = 0.916415,mean = 1.8682,nL = 7.60292,nR = 9.52755,sigma = 0.0107578)
     function value is NAN @ paramSet=(a0 = 0.645386,a1 = -0.747124,alphaL = 1.24501,alphaR = 1.55764,fraction = 0.916415,mean = 1.8682,nL = 7.60292,nR = 9.52755,sigma = 0.0107578)
     function value is NAN @ paramSet=(a0 = 0.645386,a1 = -0.747124,alphaL = 1.24501,alphaR = 1.55764,fraction = 0.916415,mean = 1.8682,nL = 7.60292,nR = 9.52755,sigma = 0.0107578)
     function value is NAN @ paramSet=(a0 = 0.645386,a1 = -0.747124,alphaL = 1.24501,alphaR = 1.55764,fraction = 0.916415,mean = 1.8682,nL = 7.60292,nR = 9.52755,sigma = 0.0107578)
     function value is NAN @ paramSet=(a0 = 0.645386,a1 = -0.747124,alphaL = 1.24501,alphaR = 1.55764,fraction = 0.916415,mean = 1.8682,nL = 7.60292,nR = 9.52755,sigma = 0.0107578)
     function value is NAN @ paramSet=(a0 = 0.645386,a1 = -0.747124,alphaL = 1.24501,alphaR = 1.55764,fraction = 0.916415,mean = 1.8682,nL = 7.60292,nR = 9.52755,sigma = 0.0107578)
     function value is NAN @ paramSet=(a0 = 0.645386,a1 = -0.747124,alphaL = 1.24501,alphaR = 1.55764,fraction = 0.916415,mean = 1.8682,nL = 7.60292,nR = 9.52755,sigma = 0.0107578)
     function value is NAN @ paramSet=(a0 = 0.645386,a1 = -0.747124,alphaL = 1.24501,alphaR = 1.55764,fraction = 0.916415,mean = 1.8682,nL = 7.60292,nR = 9.52755,sigma = 0.0107578)
     function value is NAN @ paramSet=(a0 = 0.645386,a1 = -0.747124,alphaL = 1.24501,alphaR = 1.55764,fraction = 0.916415,mean = 1.8682,nL = 7.60292,nR = 9.52755,sigma = 0.0107578)
     function value is NAN @ paramSet=(a0 = 0.645386,a1 = -0.747124,alphaL = 1.24501,alphaR = 1.55764,fraction = 0.916415,mean = 1.8682,nL = 7.60292,nR = 9.52755,sigma = 0.0107578)
    ... (remaining 2 messages suppressed)

 MIGRAD FAILS TO FIND IMPROVEMENT
 MACHINE ACCURACY LIMITS FURTHER IMPROVEMENT.
 MIGRAD MINIMIZATION HAS CONVERGED.
 MIGRAD WILL VERIFY CONVERGENCE AND ERROR MATRIX.
 EIGENVALUES OF SECOND-DERIVATIVE MATRIX:
        -4.0777e-01  6.4726e-02  2.7841e-01  3.4622e-01  7.5242e-01  8.3095e-01  1.4280e+00  2.5811e+00  3.1260e+00
 MINUIT WARNING IN HESSE   
 ============== MATRIX FORCED POS-DEF BY ADDING 0.410896 TO DIAGONAL.
 FCN=-311979 FROM HESSE     STATUS=NOT POSDEF     83 CALLS        2140 TOTAL
                     EDM=0.000807861    STRATEGY= 1      ERR MATRIX NOT POS-DEF
  EXT PARAMETER                APPROXIMATE        STEP         FIRST   
  NO.   NAME      VALUE            ERROR          SIZE      DERIVATIVE 
   1  a0           9.93583e-01   2.11674e-02   5.74599e-02  -9.48872e-02
   2  a1          -6.19303e-01   1.85746e-02   3.90165e-03  -1.01926e+00
   3  alphaL       1.16508e+00   8.47691e-03   8.05762e-04  -6.33076e+00
   4  alphaR       1.73956e+00   2.01582e-01   1.80879e-03   5.38254e+00
   5  fraction     9.10109e-01   3.63602e-03   1.40531e-03  -2.90984e+00
   6  mean         1.86834e+00   3.64802e-05   1.56216e-04  -1.69630e+01
   7  nL           7.04729e+00   3.04780e-01   1.98566e-02   3.14050e-01
   8  nR           9.92399e+00   9.28075e+00   3.93837e-01  -3.54000e-02
   9  sigma        1.06628e-02   4.06553e-05   4.18098e-04  -4.00760e+00
                               ERR DEF= 0.5
 MINUIT WARNING IN MIGRAD  
 ============== Negative diagonal element 8 in Error Matrix
 MINUIT WARNING IN MIGRAD  
 ============== 1.36084 added to diagonal of error matrix
 MIGRAD FAILS TO FIND IMPROVEMENT
 MIGRAD TERMINATED WITHOUT CONVERGENCE.
 FCN=-311979 FROM MIGRAD    STATUS=FAILED       2377 CALLS        2378 TOTAL
                     EDM=0.257547    STRATEGY= 1      ERR MATRIX NOT POS-DEF
  EXT PARAMETER                APPROXIMATE        STEP         FIRST   
  NO.   NAME      VALUE            ERROR          SIZE      DERIVATIVE 
   1  a0           9.95230e-01   2.84920e-01   0.00000e+00  -6.56184e-01
   2  a1          -6.19916e-01   4.52881e-02  -0.00000e+00  -1.09676e+00
   3  alphaL       1.16642e+00   4.96500e-02  -0.00000e+00  -8.58916e-01
   4  alphaR       1.73974e+00   2.97622e-02  -0.00000e+00  -4.99321e+00
   5  fraction     9.10134e-01   2.58341e-03   0.00000e+00   4.10609e+00
   6  mean         1.86834e+00   1.48296e-04   0.00000e+00   6.64825e+01
   7  nL           7.00590e+00   1.72107e+00   0.00000e+00  -1.19900e-01
   8  nR           9.89181e+00   1.16662e+00  -0.00000e+00   2.26534e-01
   9  sigma        1.06648e-02   7.31554e-05  -0.00000e+00   2.08836e+01
                               ERR DEF= 0.5
 EXTERNAL ERROR MATRIX.    NDIM=  25    NPAR=  9    ERR DEF=0.5
  5.731e-03 -3.355e-03 -2.906e-03 -6.059e-04  1.482e-04  8.920e-06  1.048e-01 -2.412e-03 -2.819e-06 
 -3.355e-03  2.053e-03  1.837e-03  4.048e-04 -9.211e-05 -5.435e-06 -6.641e-02  1.299e-03  1.807e-06 
 -2.906e-03  1.837e-03  2.465e-03  4.562e-04 -1.068e-04 -6.574e-06 -8.485e-02 -3.838e-03  2.698e-06 
 -6.059e-04  4.048e-04  4.562e-04  8.858e-04 -5.780e-06 -2.613e-07 -9.372e-03  1.080e-02  1.350e-06 
  1.482e-04 -9.211e-05 -1.068e-04 -5.780e-06  6.674e-06  3.083e-07  4.061e-03  3.048e-04 -9.619e-08 
  8.920e-06 -5.435e-06 -6.574e-06 -2.613e-07  3.083e-07  2.199e-08  2.377e-04  4.189e-05 -6.301e-09 
  1.048e-01 -6.641e-02 -8.485e-02 -9.372e-03  4.061e-03  2.377e-04  3.113e+00  2.753e-01 -7.913e-05 
 -2.412e-03  1.299e-03 -3.838e-03  1.080e-02  3.048e-04  4.189e-05  2.753e-01  5.321e-01  7.261e-06 
 -2.819e-06  1.807e-06  2.698e-06  1.350e-06 -9.619e-08 -6.301e-09 -7.913e-05  7.261e-06  5.352e-09 
ERR MATRIX NOT POS-DEF
 PARAMETER  CORRELATION COEFFICIENTS  
       NO.  GLOBAL      1      2      3      4      5      6      7      8      9
        1  0.98253   1.000 -0.978 -0.773 -0.269  0.758  0.795  0.784 -0.044 -0.509
        2  0.98512  -0.978  1.000  0.817  0.300 -0.787 -0.809 -0.831  0.039  0.545
        3  0.99088  -0.773  0.817  1.000  0.309 -0.833 -0.893 -0.969 -0.106  0.743
        4  0.81398  -0.269  0.300  0.309  1.000 -0.075 -0.059 -0.178  0.497  0.620
        5  0.91722   0.758 -0.787 -0.833 -0.075  1.000  0.805  0.891  0.162 -0.509
        6  0.97200   0.795 -0.809 -0.893 -0.059  0.805  1.000  0.908  0.387 -0.581
        7  0.99066   0.784 -0.831 -0.969 -0.178  0.891  0.908  1.000  0.214 -0.613
        8  0.85225  -0.044  0.039 -0.106  0.497  0.162  0.387  0.214  1.000  0.136
        9  0.90297  -0.509  0.545  0.743  0.620 -0.509 -0.581 -0.613  0.136  1.000
 ERR MATRIX NOT POS-DEF
 **********
 **    7 **SET ERR         0.5
 **********
 **********
 **    8 **SET PRINT           1
 **********
 **********
 **    9 **HESSE        4500
 **********
 EIGENVALUES OF SECOND-DERIVATIVE MATRIX:
        -2.9268e-01  6.5333e-02  2.8011e-01  4.0544e-01  7.5523e-01  8.3218e-01  1.3954e+00  2.5476e+00  3.0114e+00
 MINUIT WARNING IN HESSE   
 ============== MATRIX FORCED POS-DEF BY ADDING 0.295689 TO DIAGONAL.
 FCN=-311979 FROM HESSE     STATUS=NOT POSDEF     85 CALLS        2463 TOTAL
                     EDM=0.0400165    STRATEGY= 1      ERR MATRIX NOT POS-DEF
  EXT PARAMETER                APPROXIMATE     INTERNAL      INTERNAL  
  NO.   NAME      VALUE            ERROR       STEP SIZE       VALUE   
   1  a0           9.95230e-01   1.94700e-02   6.20551e-02   1.47309e+00
   2  a1          -6.19916e-01   1.89771e-02   3.93423e-03  -6.68636e-01
   3  alphaL       1.16642e+00   9.14933e-03   8.06081e-04  -8.73711e-01
   4  alphaR       1.73974e+00   2.07933e-01   1.80203e-03  -7.10288e-01
   5  fraction     9.10134e-01   3.60659e-03   1.40530e-03   2.17971e+00
   6  mean         1.86834e+00   4.09373e-05   1.56208e-04  -3.22148e-01
   7  nL           7.00590e+00   3.32253e-01   1.99324e-02   4.12806e-01
   8  nR           9.89181e+00   9.32238e+00   2.89834e-01   1.77920e+00
   9  sigma        1.06648e-02   3.71635e-05   4.18113e-04  -9.35257e-01
                               ERR DEF= 0.5
 EXTERNAL ERROR MATRIX.    NDIM=  25    NPAR=  9    ERR DEF=0.5
  3.736e-04  1.069e-04  2.375e-05 -1.988e-03  3.321e-05 -1.659e-07  1.330e-03 -1.031e-01  1.089e-07 
  1.069e-04  3.602e-04  4.245e-05 -3.552e-03  5.931e-05 -2.964e-07  2.369e-03 -1.842e-01  1.946e-07 
  2.375e-05  4.245e-05  8.371e-05 -4.759e-04  8.315e-06 -1.409e-07 -1.062e-03 -2.571e-02  1.449e-07 
 -1.988e-03 -3.552e-03 -4.759e-04  4.328e-02 -7.141e-04  3.701e-06 -3.190e-02  2.220e+00 -2.117e-06 
  3.321e-05  5.931e-05  8.315e-06 -7.141e-04  1.301e-05 -6.108e-08  6.276e-04 -3.708e-02  3.977e-08 
 -1.659e-07 -2.964e-07 -1.409e-07  3.701e-06 -6.108e-08  1.676e-09 -2.446e-06  1.873e-04 -4.582e-10 
  1.330e-03  2.369e-03 -1.062e-03 -3.190e-02  6.276e-04 -2.446e-06  1.106e-01 -1.666e+00  2.391e-06 
 -1.031e-01 -1.842e-01 -2.571e-02  2.220e+00 -3.708e-02  1.873e-04 -1.666e+00  1.148e+02 -1.227e-04 
  1.089e-07  1.946e-07  1.449e-07 -2.117e-06  3.977e-08 -4.582e-10  2.391e-06 -1.227e-04  1.381e-09 
ERR MATRIX NOT POS-DEF
 PARAMETER  CORRELATION COEFFICIENTS  
       NO.  GLOBAL      1      2      3      4      5      6      7      8      9
        1  0.63535   1.000  0.291  0.134 -0.494  0.476 -0.210  0.207 -0.498  0.152
        2  0.92884   0.291  1.000  0.244 -0.900  0.866 -0.381  0.375 -0.906  0.276
        3  0.76465   0.134  0.244  1.000 -0.250  0.252 -0.376 -0.349 -0.262  0.426
        4  0.99720  -0.494 -0.900 -0.250  1.000 -0.952  0.435 -0.461  0.996 -0.274
        5  0.96725   0.476  0.866  0.252 -0.952  1.000 -0.414  0.523 -0.960  0.297
        6  0.56593  -0.210 -0.381 -0.376  0.435 -0.414  1.000 -0.180  0.427 -0.301
        7  0.78571   0.207  0.375 -0.349 -0.461  0.523 -0.180  1.000 -0.468  0.194
        8  0.99783  -0.498 -0.906 -0.262  0.996 -0.960  0.427 -0.468  1.000 -0.308
        9  0.65797   0.152  0.276  0.426 -0.274  0.297 -0.301  0.194 -0.308  1.000
 ERR MATRIX NOT POS-DEF
[#1] INFO:Minization -- RooMinimizer::optimizeConst: deactivating const optimization
[#0] ERROR:InputArguments -- RooAbsRealLValue::frame(Dp_M) ERROR: unrecognized command:  
[#0] ERROR:InputArguments -- RooTreeData::plotOn(data) ERROR: unrecognized command: data1
[#1] INFO:Plotting -- RooAbsPdf::plotOn(model) p.d.f was fitted in a subrange and no explicit Range() and NormRange() was specified. Plotting / normalising in fit range. To override, do one of the following
	- Clear the automatic fit range attribute: <pdf>.setStringAttribute("fitrange", nullptr);
	- Explicitly specify the plotting range: Range("<rangeName>").
	- Explicitly specify where to compute the normalisation: NormRange("<rangeName>").
	The default (full) range can be denoted with Range("") / NormRange("").
[#1] INFO:Plotting -- RooAbsPdf::plotOn(model) only plotting range 'fit_nll_model_data'
[#1] INFO:Plotting -- RooAbsPdf::plotOn(model) p.d.f. curve is normalized using explicit choice of ranges 'fit_nll_model_data'
[#1] INFO:Plotting -- RooAbsPdf::plotOn(model) directly selected PDF components: (CB_left)
[#1] INFO:Plotting -- RooAbsPdf::plotOn(model) indirectly selected PDF components: ()
[#1] INFO:Plotting -- RooAbsPdf::plotOn(model) p.d.f was fitted in a subrange and no explicit Range() and NormRange() was specified. Plotting / normalising in fit range. To override, do one of the following
	- Clear the automatic fit range attribute: <pdf>.setStringAttribute("fitrange", nullptr);
	- Explicitly specify the plotting range: Range("<rangeName>").
	- Explicitly specify where to compute the normalisation: NormRange("<rangeName>").
	The default (full) range can be denoted with Range("") / NormRange("").
[#1] INFO:Plotting -- RooAbsPdf::plotOn(model) only plotting range 'fit_nll_model_data'
[#1] INFO:Plotting -- RooAbsPdf::plotOn(model) p.d.f. curve is normalized using explicit choice of ranges 'fit_nll_model_data'
etapip_gg_rank==1
123322.0
