{
 "cells": [
  {
   "cell_type": "markdown",
   "id": "39bdab22",
   "metadata": {},
   "source": [
    "### import"
   ]
  },
  {
   "cell_type": "code",
   "execution_count": 1,
   "id": "35e6fa7d",
   "metadata": {},
   "outputs": [
    {
     "name": "stdout",
     "output_type": "stream",
     "text": [
      "Welcome to JupyROOT 6.26/04\n"
     ]
    }
   ],
   "source": [
    "%matplotlib inline\n",
    "%load_ext autoreload\n",
    "%autoreload 2\n",
    "import seaborn as sns\n",
    "import numpy as np\n",
    "import pandas as pd\n",
    "import matplotlib.pyplot as plt\n",
    "import ROOT\n",
    "import ctypes\n",
    "try:\n",
    "#     plt.style.use('belle2')\n",
    "    plt.style.use('belle2_serif')\n",
    "#     plt.style.use('belle2_modern')\n",
    "except OSError:\n",
    "    print(\"Please install belle2 matplotlib style\")   \n",
    "px = 1/plt.rcParams['figure.dpi']\n",
    "\n",
    "from main.data_tools.extract_ntuples import get_pd, get_np"
   ]
  },
  {
   "cell_type": "markdown",
   "id": "5941c64f",
   "metadata": {},
   "source": [
    "# Signal MC"
   ]
  },
  {
   "cell_type": "code",
   "execution_count": 2,
   "id": "1d368cd7",
   "metadata": {},
   "outputs": [],
   "source": [
    "base_filter = 'D0_M>1.72 && D0_M<1.92 && Pis_charge==1 && Pi0_Prob<0.9'\n",
    "file_loc='/media/jykim/T7/storage/01_recon/phi/trainv2_signal_extraction_signalMC_recon_mdst_phi.root'\n",
    "variables=['D0_M','D0_cosHel_0']\n",
    "np_data = get_np(file=file_loc, tree='phi',base_filter=base_filter,variables=variables)"
   ]
  },
  {
   "cell_type": "code",
   "execution_count": 3,
   "id": "0dd4cab6",
   "metadata": {},
   "outputs": [
    {
     "name": "stdout",
     "output_type": "stream",
     "text": [
      "[#0] ERROR:InputArguments -- RooUniformBinning::setRange: ERROR low bound > high bound\n",
      "[#0] WARNING:InputArguments -- RooRealVar::setRange(alpha): Proposed new fit max. smaller than min., setting max. to min.\n",
      "[#0] WARNING:InputArguments -- The parameter 'sigma1' with range [0, 0.5] of the RooGaussian 'sig1' exceeds the safe range of (0, inf). Advise to limit its range.\n",
      "[#1] INFO:Eval -- RooRealVar::setRange(M(D^{0})) new range named 'fit' created with bounds [1.72,1.92]\n",
      "[#1] INFO:Minimization -- RooAbsMinimizerFcn::setOptimizeConst: activating const optimization\n",
      "[#1] INFO:Fitting -- RooAbsOptTestStatistic::ctor(nll_sig_) constructing test statistic for sub-range named fit\n",
      "[#1] INFO:Eval -- RooRealVar::setRange(M(D^{0})) new range named 'NormalizationRangeForfit' created with bounds [1.67,2.06]\n",
      "[#1] INFO:Eval -- RooRealVar::setRange(M(D^{0})) new range named 'fit_nll_sig_' created with bounds [1.72,1.92]\n",
      "[#1] INFO:Fitting -- RooAbsOptTestStatistic::ctor(nll_sig_) fixing interpretation of coefficients of any RooAddPdf to full domain of observables \n",
      "[#0] ERROR:Integration --  RooNumIntFactory::Init : libRooFitMore cannot be loaded. GSL integrators will not beavailable ! \n",
      "[#1] INFO:Eval -- RooAbsTestStatistic::initMPMode: started 12 remote server process.\n",
      " **********\n",
      " **    1 **SET PRINT           1\n",
      " **********\n",
      " **********\n",
      " **    2 **SET NOGRAD\n",
      " **********\n",
      " PARAMETER DEFINITIONS:\n",
      "    NO.   NAME         VALUE      STEP SIZE      LIMITS\n",
      "     1 Novo_tail    5.00000e-01  2.50000e-01    0.00000e+00  1.00000e+01\n",
      "     2 Novo_widh    5.00000e-02  2.50000e-02    0.00000e+00  5.00000e-01\n",
      "     3 alpha        5.00000e-01  constant\n",
      "     4 mean         1.86000e+00  6.00000e-03    1.83000e+00  1.89000e+00\n",
      "     5 sig1frac     2.00000e-01  1.00000e-01    0.00000e+00  1.00000e+00\n",
      "     6 sig2frac     2.00000e-01  1.00000e-01    0.00000e+00  1.00000e+00\n",
      "     7 sigma1       3.00000e-02  1.50000e-02    0.00000e+00  5.00000e-01\n",
      "     8 sigma2       5.00000e-02  2.50000e-02    0.00000e+00  5.00000e-01\n",
      " **********\n",
      " **    3 **SET ERR         0.5\n",
      " **********\n",
      " **********\n",
      " **    4 **SET PRINT           1\n",
      " **********\n",
      " **********\n",
      " **    5 **SET STR           1\n",
      " **********\n",
      " NOW USING STRATEGY  1: TRY TO BALANCE SPEED AGAINST RELIABILITY\n",
      " **********\n",
      " **    6 **MIGRAD        4000           1\n",
      " **********\n",
      " FIRST CALL TO USER FUNCTION AT NEW START POINT, WITH IFLAG=4.\n",
      "[#1] INFO:Minimization --  The following expressions will be evaluated in cache-and-track mode: (sig3,sig1,sig2)\n",
      "[#1] INFO:Minimization --  The following expressions will be evaluated in cache-and-track mode: (sig3,sig1,sig2)\n",
      "[#1] INFO:Minimization --  The following expressions will be evaluated in cache-and-track mode: (sig3,sig1,sig2)\n",
      "[#1] INFO:Minimization --  The following expressions will be evaluated in cache-and-track mode: (sig3,sig1,sig2)\n",
      "[#1] INFO:Minimization --  The following expressions will be evaluated in cache-and-track mode: (sig3,sig1,sig2)\n",
      "[#1] INFO:Minimization --  The following expressions will be evaluated in cache-and-track mode: (sig3,sig1,sig2)\n",
      "[#1] INFO:Minimization --  The following expressions will be evaluated in cache-and-track mode: (sig3,sig1,sig2)\n",
      "[#1] INFO:Minimization --  The following expressions will be evaluated in cache-and-track mode: (sig3,sig1,sig2)\n",
      "[#1] INFO:Minimization --  The following expressions will be evaluated in cache-and-track mode: (sig3,sig1,sig2)\n",
      "[#1] INFO:Minimization --  The following expressions will be evaluated in cache-and-track mode: (sig3,sig1,sig2)\n",
      "[#1] INFO:Minimization --  The following expressions will be evaluated in cache-and-track mode: (sig3,sig1,sig2)\n",
      "[#1] INFO:Minimization --  The following expressions will be evaluated in cache-and-track mode: (sig3,sig1,sig2)\n",
      " START MIGRAD MINIMIZATION.  STRATEGY  1.  CONVERGENCE WHEN EDM .LT. 1.00e-03\n",
      " FCN=-95434.5 FROM MIGRAD    STATUS=INITIATE      107 CALLS         108 TOTAL\n",
      "                     EDM= unknown      STRATEGY= 1      NO ERROR MATRIX       \n",
      "  EXT PARAMETER               CURRENT GUESS       STEP         FIRST   \n",
      "  NO.   NAME      VALUE            ERROR          SIZE      DERIVATIVE \n",
      "   1  Novo_tail    5.75076e-05   2.50000e-01   0.00000e+00  -2.50435e+01\n",
      "   2  Novo_widh    9.00257e-03   2.50000e-02   0.00000e+00   6.28252e+03\n",
      "   3  alpha        5.00000e-01   constant   \n",
      "   4  mean         1.86000e+00   6.00000e-03   0.00000e+00  -3.59327e+03\n",
      "   5  sig1frac     9.92803e-01   1.00000e-01   2.38417e+00  -4.49869e+02\n",
      "   6  sig2frac     2.00000e-01   1.00000e-01   0.00000e+00  -6.13343e+03\n",
      "   7  sigma1       3.00000e-02   1.50000e-02   0.00000e+00   4.02636e+04\n",
      "   8  sigma2       5.00000e-02   2.50000e-02   0.00000e+00  -3.68184e+01\n",
      "                               ERR DEF= 0.5\n",
      " MINUIT WARNING IN MIGRAD  \n",
      " ============== Negative diagonal element 7 in Error Matrix\n",
      " MINUIT WARNING IN MIGRAD  \n",
      " ============== 1.00002 added to diagonal of error matrix\n",
      " MIGRAD FAILS TO FIND IMPROVEMENT\n",
      " EIGENVALUES OF SECOND-DERIVATIVE MATRIX:\n",
      "        -1.2413e+00 -2.5242e-01  5.5869e-01  9.9989e-01  1.3678e+00  1.5700e+00  3.9974e+00\n",
      " MINUIT WARNING IN HESSE   \n",
      " ============== MATRIX FORCED POS-DEF BY ADDING 1.245343 TO DIAGONAL.\n",
      " FCN=-98512.4 FROM HESSE     STATUS=NOT POSDEF     50 CALLS         223 TOTAL\n",
      "                     EDM=1296.24    STRATEGY= 1      ERR MATRIX NOT POS-DEF\n",
      "  EXT PARAMETER                APPROXIMATE        STEP         FIRST   \n",
      "  NO.   NAME      VALUE            ERROR          SIZE      DERIVATIVE \n",
      "   1  Novo_tail    3.23280e-07   1.96090e-04   2.91241e-03** at limit **\n",
      "   2  Novo_widh    9.00273e-03   2.25113e-03   6.91594e-04  -1.41645e+04\n",
      "   3  alpha        5.00000e-01   constant   \n",
      "   4  mean         1.86045e+00   8.29918e-05   6.52464e-04  -9.24431e+03\n",
      "   5  sig1frac     7.91869e-01   1.59464e-02   2.75849e-03  -2.14718e+03\n",
      "   6  sig2frac     2.91454e-01   6.31547e-02   3.18542e-03   2.30628e+03\n",
      "   7  sigma1       1.30596e-02   4.80887e-04   2.74311e-04  -4.66565e+04\n",
      "   8  sigma2       1.54097e-02   8.79589e-04   9.14047e-04   9.30229e+03\n",
      "                               ERR DEF= 0.5\n",
      " EIGENVALUES OF SECOND-DERIVATIVE MATRIX:\n",
      "        -2.1505e-03  1.5852e-01  2.7564e-01  4.4953e-01  7.6222e-01  1.8009e+00  3.5553e+00\n",
      " MINUIT WARNING IN MIGRAD  \n",
      " ============== MATRIX FORCED POS-DEF BY ADDING 0.005706 TO DIAGONAL.\n",
      " MIGRAD FAILS TO FIND IMPROVEMENT\n",
      " MIGRAD MINIMIZATION HAS CONVERGED.\n",
      " MIGRAD WILL VERIFY CONVERGENCE AND ERROR MATRIX.\n",
      " EIGENVALUES OF SECOND-DERIVATIVE MATRIX:\n",
      "        -2.3311e-03  9.6792e-02  2.3941e-01  5.8070e-01  1.1391e+00  1.9514e+00  2.9949e+00\n",
      " MINUIT WARNING IN HESSE   \n",
      " ============== MATRIX FORCED POS-DEF BY ADDING 0.005326 TO DIAGONAL.\n",
      " FCN=-100059 FROM MIGRAD    STATUS=CONVERGED     911 CALLS         912 TOTAL\n",
      "                     EDM=0.000226601    STRATEGY= 1      ERR MATRIX NOT POS-DEF\n",
      "  EXT PARAMETER                APPROXIMATE        STEP         FIRST   \n",
      "  NO.   NAME      VALUE            ERROR          SIZE      DERIVATIVE \n",
      "   1  Novo_tail    3.53456e-02   4.57330e-02   5.15742e-03   4.30949e-01\n",
      "   2  Novo_widh    2.24755e-02   3.29264e-03   9.27843e-04  -6.79636e-01\n",
      "   3  alpha        5.00000e-01   constant   \n",
      "   4  mean         1.86363e+00   1.58320e-04   5.79511e-04  -6.13709e-01\n",
      "   5  sig1frac     5.04679e-01   2.66961e-02   3.97953e-03   1.30247e-01\n",
      "   6  sig2frac     1.14897e-01   9.38127e-02   4.54918e-03  -2.60909e-01\n",
      "   7  sigma1       1.33160e-02   9.59048e-04   3.27385e-04  -1.00249e+00\n",
      "   8  sigma2       9.12085e-03   1.72591e-04   3.09710e-04  -5.77163e-01\n",
      "                               ERR DEF= 0.5\n",
      " EXTERNAL ERROR MATRIX.    NDIM=  25    NPAR=  7    ERR DEF=0.5\n",
      "  2.096e-03 -1.153e-04 -3.299e-06  4.903e-04  3.779e-03 -3.770e-05 -2.988e-06 \n",
      " -1.153e-04  1.085e-05  2.201e-07 -6.496e-05 -3.054e-04  2.989e-06  2.664e-07 \n",
      " -3.299e-06  2.201e-07  2.507e-08  7.459e-07 -7.368e-06  7.962e-08  1.883e-08 \n",
      "  4.903e-04 -6.496e-05  7.459e-07  7.134e-04  1.672e-03 -1.535e-05  1.735e-07 \n",
      "  3.779e-03 -3.054e-04 -7.368e-06  1.672e-03  9.067e-03 -9.004e-05 -8.140e-06 \n",
      " -3.770e-05  2.989e-06  7.962e-08 -1.535e-05 -9.004e-05  9.198e-07  9.364e-08 \n",
      " -2.988e-06  2.664e-07  1.883e-08  1.735e-07 -8.140e-06  9.364e-08  2.979e-08 \n",
      "ERR MATRIX NOT POS-DEF\n",
      " PARAMETER  CORRELATION COEFFICIENTS  \n",
      "       NO.  GLOBAL      1      2      4      5      6      7      8\n",
      "        1  0.95206   1.000 -0.765 -0.455  0.401  0.867 -0.859 -0.378\n",
      "        2  0.99106  -0.765  1.000  0.422 -0.738 -0.974  0.946  0.469\n",
      "        4  0.86734  -0.455  0.422  1.000  0.176 -0.489  0.524  0.689\n",
      "        5  0.94039   0.401 -0.738  0.176  1.000  0.657 -0.599  0.038\n",
      "        6  0.99758   0.867 -0.974 -0.489  0.657  1.000 -0.986 -0.495\n",
      "        7  0.99210  -0.859  0.946  0.524 -0.599 -0.986  1.000  0.566\n",
      "        8  0.83635  -0.378  0.469  0.689  0.038 -0.495  0.566  1.000\n",
      " ERR MATRIX NOT POS-DEF\n",
      " **********\n",
      " **    7 **HESSE        4000\n",
      " **********\n",
      " COVARIANCE MATRIX CALCULATED SUCCESSFULLY\n",
      " FCN=-100059 FROM HESSE     STATUS=OK             50 CALLS         962 TOTAL\n",
      "                     EDM=0.000368262    STRATEGY= 1      ERROR MATRIX ACCURATE \n",
      "  EXT PARAMETER                                INTERNAL      INTERNAL  \n",
      "  NO.   NAME      VALUE            ERROR       STEP SIZE       VALUE   \n",
      "   1  Novo_tail    3.53456e-02   6.96668e-02   2.06297e-04  -1.45182e+00\n",
      "   2  Novo_widh    2.24755e-02   5.16635e-03   3.71137e-05  -1.14352e+00\n",
      "   3  alpha        5.00000e-01   constant   \n",
      "   4  mean         1.86363e+00   1.99432e-04   1.15902e-04   1.21164e-01\n",
      "   5  sig1frac     5.04679e-01   3.34215e-02   7.95907e-04   3.13223e+00\n",
      "   6  sig2frac     1.14897e-01   1.49909e-01   9.09836e-04  -8.79165e-01\n",
      "   7  sigma1       1.33160e-02   1.60466e-03   1.30954e-05  -1.24294e+00\n",
      "   8  sigma2       9.12085e-03   2.24729e-04   1.23884e-05  -1.84175e+00\n",
      "                               ERR DEF= 0.5\n",
      " EXTERNAL ERROR MATRIX.    NDIM=  25    NPAR=  7    ERR DEF=0.5\n",
      "  4.876e-03 -3.266e-04 -9.581e-06  1.537e-03  1.032e-02 -1.058e-04 -1.060e-05 \n",
      " -3.266e-04  2.671e-05  6.875e-07 -1.437e-04 -7.982e-04  8.118e-06  8.320e-07 \n",
      " -9.581e-06  6.875e-07  3.977e-08 -1.452e-06 -2.193e-05  2.314e-07  3.625e-08 \n",
      "  1.537e-03 -1.437e-04 -1.452e-06  1.119e-03  4.113e-03 -4.072e-05 -2.519e-06 \n",
      "  1.032e-02 -7.982e-04 -2.193e-05  4.113e-03  2.436e-02 -2.492e-04 -2.575e-05 \n",
      " -1.058e-04  8.118e-06  2.314e-07 -4.072e-05 -2.492e-04  2.575e-06  2.768e-07 \n",
      " -1.060e-05  8.320e-07  3.625e-08 -2.519e-06 -2.575e-05  2.768e-07  5.050e-08 \n",
      " PARAMETER  CORRELATION COEFFICIENTS  \n",
      "       NO.  GLOBAL      1      2      4      5      6      7      8\n",
      "        1  0.97955   1.000 -0.905 -0.688  0.658  0.947 -0.944 -0.676\n",
      "        2  0.99636  -0.905  1.000  0.667 -0.831 -0.990  0.979  0.716\n",
      "        4  0.91819  -0.688  0.667  1.000 -0.218 -0.705  0.723  0.809\n",
      "        5  0.96221   0.658 -0.831 -0.218  1.000  0.788 -0.759 -0.335\n",
      "        6  0.99909   0.947 -0.990 -0.705  0.788  1.000 -0.995 -0.734\n",
      "        7  0.99717  -0.944  0.979  0.723 -0.759 -0.995  1.000  0.768\n",
      "        8  0.90654  -0.676  0.716  0.809 -0.335 -0.734  0.768  1.000\n",
      "Number of free parameters from FitConfig = 8\n",
      "Number of free parameters from Minimizer = 7\n",
      " **********\n",
      " **    8 **SET ERR         0.5\n",
      " **********\n",
      " **********\n",
      " **    9 **SET PRINT           1\n",
      " **********\n",
      " **********\n",
      " **   10 **HESSE        4000\n",
      " **********\n",
      " COVARIANCE MATRIX CALCULATED SUCCESSFULLY\n",
      " FCN=-100059 FROM HESSE     STATUS=OK             50 CALLS        1012 TOTAL\n",
      "                     EDM=0.000294844    STRATEGY= 1      ERROR MATRIX ACCURATE \n",
      "  EXT PARAMETER                                INTERNAL      INTERNAL  \n",
      "  NO.   NAME      VALUE            ERROR       STEP SIZE       VALUE   \n",
      "   1  Novo_tail    3.53456e-02   5.90351e-02   4.12593e-05  -1.45182e+00\n",
      "   2  Novo_widh    2.24755e-02   4.26809e-03   7.42275e-06  -1.14352e+00\n",
      "   3  alpha        5.00000e-01   constant   \n",
      "   4  mean         1.86363e+00   1.84255e-04   2.31804e-05   1.21164e-01\n",
      "   5  sig1frac     5.04679e-01   2.96864e-02   1.59181e-04   3.13223e+00\n",
      "   6  sig2frac     1.14897e-01   1.25368e-01   1.81967e-04  -8.79165e-01\n",
      "   7  sigma1       1.33160e-02   1.33173e-03   2.61908e-06  -1.24294e+00\n",
      "   8  sigma2       9.12085e-03   2.05897e-04   2.47768e-06  -1.84175e+00\n",
      "                               ERR DEF= 0.5\n",
      " EXTERNAL ERROR MATRIX.    NDIM=  25    NPAR=  7    ERR DEF=0.5\n",
      "  3.497e-03 -2.185e-04 -6.745e-06  9.647e-04  7.051e-03 -7.257e-05 -7.259e-06 \n",
      " -2.185e-04  1.823e-05  4.645e-07 -9.882e-05 -5.416e-04  5.509e-06  5.691e-07 \n",
      " -6.745e-06  4.645e-07  3.395e-08 -2.688e-07 -1.520e-05  1.629e-07  2.938e-08 \n",
      "  9.647e-04 -9.882e-05 -2.688e-07  8.823e-04  2.757e-03 -2.692e-05 -1.125e-06 \n",
      "  7.051e-03 -5.416e-04 -1.520e-05  2.757e-03  1.660e-02 -1.703e-04 -1.781e-05 \n",
      " -7.257e-05  5.509e-06  1.629e-07 -2.692e-05 -1.703e-04  1.774e-06  1.961e-07 \n",
      " -7.259e-06  5.691e-07  2.938e-08 -1.125e-06 -1.781e-05  1.961e-07  4.239e-08 \n",
      " PARAMETER  CORRELATION COEFFICIENTS  \n",
      "       NO.  GLOBAL      1      2      4      5      6      7      8\n",
      "        1  0.97137   1.000 -0.865 -0.619  0.549  0.925 -0.922 -0.596\n",
      "        2  0.99466  -0.865  1.000  0.590 -0.779 -0.985  0.969  0.647\n",
      "        4  0.90341  -0.619  0.590  1.000 -0.049 -0.640  0.664  0.774\n",
      "        5  0.95183   0.549 -0.779 -0.049  1.000  0.720 -0.681 -0.184\n",
      "        6  0.99867   0.925 -0.985 -0.640  0.720  1.000 -0.993 -0.671\n",
      "        7  0.99589  -0.922  0.969  0.664 -0.681 -0.993  1.000  0.715\n",
      "        8  0.88754  -0.596  0.647  0.774 -0.184 -0.671  0.715  1.000\n",
      "[#1] INFO:Minimization -- RooAbsMinimizerFcn::setOptimizeConst: deactivating const optimization\n",
      "[#1] INFO:Plotting -- RooAbsPdf::plotOn(sig) p.d.f was fitted in a subrange and no explicit Range() and NormRange() was specified. Plotting / normalising in fit range. To override, do one of the following\n",
      "\t- Clear the automatic fit range attribute: <pdf>.setStringAttribute(\"fitrange\", nullptr);\n",
      "\t- Explicitly specify the plotting range: Range(\"<rangeName>\").\n",
      "\t- Explicitly specify where to compute the normalisation: NormRange(\"<rangeName>\").\n",
      "\tThe default (full) range can be denoted with Range(\"\") / NormRange(\"\").\n",
      "[#1] INFO:Plotting -- RooAbsPdf::plotOn(sig) only plotting range 'fit_nll_sig_'\n",
      "[#1] INFO:Plotting -- RooAbsPdf::plotOn(sig) p.d.f. curve is normalized using explicit choice of ranges 'fit_nll_sig_'\n",
      "[#1] INFO:Plotting -- RooAbsPdf::plotOn(sig) directly selected PDF components: (sig1)\n",
      "[#1] INFO:Plotting -- RooAbsPdf::plotOn(sig) indirectly selected PDF components: (sig_sum1)\n",
      "[#1] INFO:Plotting -- RooAbsPdf::plotOn(sig) p.d.f was fitted in a subrange and no explicit Range() and NormRange() was specified. Plotting / normalising in fit range. To override, do one of the following\n",
      "\t- Clear the automatic fit range attribute: <pdf>.setStringAttribute(\"fitrange\", nullptr);\n",
      "\t- Explicitly specify the plotting range: Range(\"<rangeName>\").\n",
      "\t- Explicitly specify where to compute the normalisation: NormRange(\"<rangeName>\").\n",
      "\tThe default (full) range can be denoted with Range(\"\") / NormRange(\"\").\n",
      "[#1] INFO:Plotting -- RooAbsPdf::plotOn(sig) only plotting range 'fit_nll_sig_'\n",
      "[#1] INFO:Plotting -- RooAbsPdf::plotOn(sig) p.d.f. curve is normalized using explicit choice of ranges 'fit_nll_sig_'\n",
      "[#1] INFO:Plotting -- RooAbsPdf::plotOn(sig) directly selected PDF components: (sig2)\n",
      "[#1] INFO:Plotting -- RooAbsPdf::plotOn(sig) indirectly selected PDF components: (sig_sum1)\n",
      "[#1] INFO:Plotting -- RooAbsPdf::plotOn(sig) p.d.f was fitted in a subrange and no explicit Range() and NormRange() was specified. Plotting / normalising in fit range. To override, do one of the following\n",
      "\t- Clear the automatic fit range attribute: <pdf>.setStringAttribute(\"fitrange\", nullptr);\n",
      "\t- Explicitly specify the plotting range: Range(\"<rangeName>\").\n",
      "\t- Explicitly specify where to compute the normalisation: NormRange(\"<rangeName>\").\n",
      "\tThe default (full) range can be denoted with Range(\"\") / NormRange(\"\").\n",
      "[#1] INFO:Plotting -- RooAbsPdf::plotOn(sig) only plotting range 'fit_nll_sig_'\n",
      "[#1] INFO:Plotting -- RooAbsPdf::plotOn(sig) p.d.f. curve is normalized using explicit choice of ranges 'fit_nll_sig_'\n",
      "[#1] INFO:Plotting -- RooAbsPdf::plotOn(sig) directly selected PDF components: (sig3)\n",
      "[#1] INFO:Plotting -- RooAbsPdf::plotOn(sig) indirectly selected PDF components: ()\n",
      "[#1] INFO:Plotting -- RooAbsPdf::plotOn(sig) p.d.f was fitted in a subrange and no explicit Range() and NormRange() was specified. Plotting / normalising in fit range. To override, do one of the following\n",
      "\t- Clear the automatic fit range attribute: <pdf>.setStringAttribute(\"fitrange\", nullptr);\n",
      "\t- Explicitly specify the plotting range: Range(\"<rangeName>\").\n",
      "\t- Explicitly specify where to compute the normalisation: NormRange(\"<rangeName>\").\n",
      "\tThe default (full) range can be denoted with Range(\"\") / NormRange(\"\").\n",
      "[#1] INFO:Plotting -- RooAbsPdf::plotOn(sig) only plotting range 'fit_nll_sig_'\n",
      "[#1] INFO:Plotting -- RooAbsPdf::plotOn(sig) p.d.f. curve is normalized using explicit choice of ranges 'fit_nll_sig_'\n"
     ]
    },
    {
     "name": "stderr",
     "output_type": "stream",
     "text": [
      "Info in <ROOT::Math::ParameterSettings>: lower/upper bounds outside current parameter value. The value will be set to (low+up)/2 \n",
      "cling::DynamicLibraryManager::loadLibrary(): libgsl.so.25: cannot open shared object file: No such file or directory\n",
      "Info in <ROOT::Math::ParameterSettings>: lower/upper bounds outside current parameter value. The value will be set to (low+up)/2 \n",
      "Error in <ROOT::Math::FitResult>: FitConfiguration and Minimizer result are not consistent\n",
      "Info in <TCanvas::Print>: png file test.png has been created\n"
     ]
    },
    {
     "data": {
