[INFO] Steering file: MC15ri_etapip_pipipi_JS_Conv_gauss_Ds.py

Applying BELLE2 style settings...

[1mRooFit v3.60 -- Developed by Wouter Verkerke and David Kirkby[0m 
                Copyright (C) 2000-2013 NIKHEF, University of California & Stanford University
                All rights reserved, please read http://roofit.sourceforge.net/license.txt

[#1] INFO:DataHandling -- RooTreeDataStore::loadValues(data) Skipping event #34 because Dp_M cannot accommodate the value 1.69228
[#1] INFO:DataHandling -- RooTreeDataStore::loadValues(data) Skipping event #48 because Dp_M cannot accommodate the value 1.6172
[#1] INFO:DataHandling -- RooTreeDataStore::loadValues(data) Skipping event #55 because Dp_M cannot accommodate the value 1.63625
[#1] INFO:DataHandling -- RooTreeDataStore::loadValues(data) Skipping event #57 because Dp_M cannot accommodate the value 1.70022
[#1] INFO:DataHandling -- RooTreeDataStore::loadValues(data) Skipping ...
[#0] WARNING:DataHandling -- RooTreeDataStore::loadValues(data) Ignored 4430 out-of-range events
[#1] INFO:DataHandling -- RooTreeDataStore::loadValues(data_cc) Skipping event #4 because Dp_M cannot accommodate the value 1.71292
[#1] INFO:DataHandling -- RooTreeDataStore::loadValues(data_cc) Skipping event #10 because Dp_M cannot accommodate the value 1.7378
[#1] INFO:DataHandling -- RooTreeDataStore::loadValues(data_cc) Skipping event #23 because Dp_M cannot accommodate the value 1.70208
[#1] INFO:DataHandling -- RooTreeDataStore::loadValues(data_cc) Skipping event #35 because Dp_M cannot accommodate the value 2.08585
[#1] INFO:DataHandling -- RooTreeDataStore::loadValues(data_cc) Skipping ...
[#0] WARNING:DataHandling -- RooTreeDataStore::loadValues(data_cc) Ignored 4308 out-of-range events
[#1] INFO:Caching -- Changing internal binning of variable 'Dp_M' in FFT 'johnson_gauss' from 100 to 930 to improve the precision of the numerical FFT. This can be done manually by setting an additional binning named 'cache'.
[#1] INFO:Eval -- RooRealVar::setRange(Dp_M) new range named 'fit' created with bounds [1.76,2.05]
[#1] INFO:Minization -- RooMinimizer::optimizeConst: activating const optimization
[#1] INFO:Fitting -- RooAbsOptTestStatistic::ctor(nll_CB_left_data) constructing test statistic for sub-range named fit
[#1] INFO:Eval -- RooRealVar::setRange(Dp_M) new range named 'NormalizationRangeForfit' created with bounds [1.76,2.05]
[#1] INFO:Eval -- RooRealVar::setRange(Dp_M) new range named 'fit_nll_CB_left_data' created with bounds [1.76,2.05]
[#1] INFO:Fitting -- RooAbsOptTestStatistic::ctor(nll_CB_left_data) fixing interpretation of coefficients of any RooAddPdf to full domain of observables 
[#1] INFO:Eval -- RooRealVar::setRange(Dp_M) new range named 'refrange_fft_johnson_gauss' created with bounds [1.76,2.05]
[#1] INFO:Caching -- RooAbsCachedPdf::getCache(johnson_gauss) creating new cache 0xbecbb90 with pdf johnson_CONV_gaussian_CACHE_Obs[Dp_M]_NORM_Dp_M_etapip_pipipi_rank_Dp_isSignal_Pip_charge for nset (Dp_M,etapip_pipipi_rank,Dp_isSignal,Pip_charge) with code 0
[#1] INFO:Eval -- RooAbsTestStatistic::initMPMode: started 4 remote server process.
 **********
 **    1 **SET PRINT           1
 **********
 **********
 **    2 **SET NOGRAD
 **********
 PARAMETER DEFINITIONS:
    NO.   NAME         VALUE      STEP SIZE      LIMITS
     1 delta        1.00000e-01  4.95000e-02    1.00000e-03  1.00000e+01
     2 fraction     5.00000e-01  1.00000e-01    0.00000e+00  1.00000e+00
     3 gamma        1.00000e-01  4.95000e-02    1.00000e-03  1.00000e+01
     4 mean_gaussian   0.00000e+00  2.00000e-01   -1.00000e+00  1.00000e+00
     5 mean_johnson   1.96000e+00  1.90000e-02    1.91000e+00  2.10000e+00
     6 sigma_gaussian   1.00000e-02  4.95000e-03    1.00000e-04  1.00000e+00
     7 sigma_gaussian2   1.00000e-02  4.95000e-03    1.00000e-04  1.00000e+00
     8 sigma_johnson   1.00000e-02  4.99500e-03    1.00000e-05  5.00000e-01
 **********
 **    3 **SET ERR         0.5
 **********
 **********
 **    4 **SET PRINT           1
 **********
 **********
 **    5 **SET STR           1
 **********
 NOW USING STRATEGY  1: TRY TO BALANCE SPEED AGAINST RELIABILITY
 **********
 **    6 **MIGRAD        4000           1
 **********
 FIRST CALL TO USER FUNCTION AT NEW START POINT, WITH IFLAG=4.
[#1] INFO:Caching -- RooAbsCachedPdf::getCache(johnson_gauss) creating new cache 0xc2a8ae0 with pdf johnson_CONV_gaussian_CACHE_Obs[Dp_M]_NORM_Dp_M_etapip_pipipi_rank_Dp_isSignal_Pip_charge for nset (Dp_M,etapip_pipipi_rank,Dp_isSignal,Pip_charge) with code 0 from preexisting content.[#1] INFO:Caching -- RooAbsCachedPdf::getCache(johnson_gauss) creating new cache 0xc2a8ae0 with pdf johnson_CONV_gaussian_CACHE_Obs[Dp_M]_NORM_Dp_M_etapip_pipipi_rank_Dp_isSignal_Pip_charge for nset (Dp_M,etapip_pipipi_rank,Dp_isSignal,Pip_charge) with code 0 from preexisting content.[#1] INFO:Caching -- RooAbsCachedPdf::getCache(johnson_gauss) creating new cache 0xc2a8ae0 with pdf johnson_CONV_gaussian_CACHE_Obs[Dp_M]_NORM_Dp_M_etapip_pipipi_rank_Dp_isSignal_Pip_charge for nset (Dp_M,etapip_pipipi_rank,Dp_isSignal,Pip_charge) with code 0 from preexisting content.[#1] INFO:Caching -- RooAbsCachedPdf::getCache(johnson_gauss) creating new cache 0xc2a8ae0 with pdf johnson_CONV_gaussian_CACHE_Obs[Dp_M]_NORM_Dp_M_etapip_pipipi_rank_Dp_isSignal_Pip_charge for nset (Dp_M,etapip_pipipi_rank,Dp_isSignal,Pip_charge) with code 0 from preexisting content.



[#1] INFO:Caching -- RooAbsCachedPdf::getCache(johnson_gauss) creating new cache 0xc2a56d0 with pdf johnson_CONV_gaussian_CACHE_Obs[Dp_M]_NORM_Dp_M_etapip_pipipi_rank_Dp_isSignal_Pip_charge for nset (Dp_M,etapip_pipipi_rank,Dp_isSignal,Pip_charge) with code 0 from preexisting content.[#1] INFO:Caching -- RooAbsCachedPdf::getCache(johnson_gauss) creating new cache 0xc2a56d0 with pdf johnson_CONV_gaussian_CACHE_Obs[Dp_M]_NORM_Dp_M_etapip_pipipi_rank_Dp_isSignal_Pip_charge for nset (Dp_M,etapip_pipipi_rank,Dp_isSignal,Pip_charge) with code 0 from preexisting content.[#1] INFO:Caching -- RooAbsCachedPdf::getCache(johnson_gauss) creating new cache 0xc2a56d0 with pdf johnson_CONV_gaussian_CACHE_Obs[Dp_M]_NORM_Dp_M_etapip_pipipi_rank_Dp_isSignal_Pip_charge for nset (Dp_M,etapip_pipipi_rank,Dp_isSignal,Pip_charge) with code 0 from preexisting content.[#1] INFO:Caching -- RooAbsCachedPdf::getCache(johnson_gauss) creating new cache 0xc2a56d0 with pdf johnson_CONV_gaussian_CACHE_Obs[Dp_M]_NORM_Dp_M_etapip_pipipi_rank_Dp_isSignal_Pip_charge for nset (Dp_M,etapip_pipipi_rank,Dp_isSignal,Pip_charge) with code 0 from preexisting content.



[#1] INFO:Minization --  The following expressions will be evaluated in cache-and-track mode: (johnson_gauss,gaussian2)
[#1] INFO:Minization --  The following expressions will be evaluated in cache-and-track mode: (johnson_gauss,gaussian2)
[#1] INFO:Minization --  The following expressions will be evaluated in cache-and-track mode: (johnson_gauss,gaussian2)
[#1] INFO:Minization --  The following expressions will be evaluated in cache-and-track mode: (johnson_gauss,gaussian2)
 START MIGRAD MINIMIZATION.  STRATEGY  1.  CONVERGENCE WHEN EDM .LT. 1.00e-03
 FCN=-394656 FROM MIGRAD    STATUS=INITIATE       72 CALLS          73 TOTAL
                     EDM= unknown      STRATEGY= 1      NO ERROR MATRIX       
  EXT PARAMETER               CURRENT GUESS       STEP         FIRST   
  NO.   NAME      VALUE            ERROR          SIZE      DERIVATIVE 
   1  delta        6.94974e-01   4.95000e-02   3.33850e-01   1.71965e+04
   2  fraction     5.00000e-01   1.00000e-01   0.00000e+00   1.02402e+04
   3  gamma        1.00000e-01   4.95000e-02   0.00000e+00   1.19806e+04
   4  mean_gaussian   0.00000e+00   2.00000e-01   0.00000e+00  -1.66918e+06
   5  mean_johnson   1.96000e+00   1.90000e-02   0.00000e+00  -5.64787e+05
   6  sigma_gaussian   1.00000e-02   4.95000e-03   0.00000e+00   3.20193e+04
   7  sigma_gaussian2   1.00000e-02   4.95000e-03   0.00000e+00   5.02689e+04
   8  sigma_johnson   1.00000e-02   4.99500e-03   0.00000e+00   1.57005e+04
                               ERR DEF= 0.5
 MIGRAD FAILS TO FIND IMPROVEMENT
 MIGRAD MINIMIZATION HAS CONVERGED.
 FCN=-445095 FROM MIGRAD    STATUS=CONVERGED    1230 CALLS        1231 TOTAL
                     EDM=0.000755444    STRATEGY= 1  ERROR MATRIX UNCERTAINTY   6.2 per cent
  EXT PARAMETER                                   STEP         FIRST   
  NO.   NAME      VALUE            ERROR          SIZE      DERIVATIVE 
   1  delta        6.44989e-02   1.61080e-02   0.00000e+00  -4.46764e+00
   2  fraction     5.14995e-01   2.23033e-02   0.00000e+00   2.03988e+00
   3  gamma        5.45059e-01   1.35244e-01  -0.00000e+00  -4.77140e-03
   4  mean_gaussian  -9.11916e-04   1.31199e-04   0.00000e+00   1.15339e+02
   5  mean_johnson   1.96822e+00   1.57173e-05   0.00000e+00   4.80361e+02
   6  sigma_gaussian   8.30106e-03   1.89329e-04  -0.00000e+00   1.44126e+01
   7  sigma_gaussian2   5.10991e-03   7.22503e-05  -0.00000e+00   1.39773e+01
   8  sigma_johnson   2.65904e-05   1.74369e-05  -0.00000e+00   1.50923e+01
                               ERR DEF= 0.5
 EXTERNAL ERROR MATRIX.    NDIM=  25    NPAR=  8    ERR DEF=0.5
  2.595e-04  1.998e-04 -2.057e-03  1.108e-06  1.280e-07 -2.222e-06 -5.049e-07 -1.374e-08 
  1.998e-04  4.978e-04 -1.807e-03  2.599e-06 -3.097e-08 -3.775e-06 -1.480e-06 -1.384e-07 
 -2.057e-03 -1.807e-03  1.831e-02 -9.237e-06 -1.388e-06  1.985e-05  4.616e-06  8.111e-07 
  1.108e-06  2.599e-06 -9.237e-06  1.721e-08 -1.705e-10 -1.974e-08 -7.754e-09 -6.605e-10 
  1.280e-07 -3.097e-08 -1.388e-06 -1.705e-10  2.470e-10 -5.991e-10  1.961e-10 -1.379e-10 
 -2.222e-06 -3.775e-06  1.985e-05 -1.974e-08 -5.991e-10  3.585e-08  9.869e-09  1.143e-09 
 -5.049e-07 -1.480e-06  4.616e-06 -7.754e-09  1.961e-10  9.869e-09  5.220e-09  4.143e-10 
 -1.374e-08 -1.384e-07  8.111e-07 -6.605e-10 -1.379e-10  1.143e-09  4.143e-10  3.040e-10 
 PARAMETER  CORRELATION COEFFICIENTS  
       NO.  GLOBAL      1      2      3      4      5      6      7      8
        1  0.99309   1.000  0.556 -0.944  0.524  0.505 -0.729 -0.434 -0.049
        2  0.99300   0.556  1.000 -0.598  0.888 -0.088 -0.894 -0.918 -0.356
        3  0.99374  -0.944 -0.598  1.000 -0.520 -0.652  0.775  0.472  0.344
        4  0.91874   0.524  0.888 -0.520  1.000 -0.083 -0.795 -0.818 -0.289
        5  0.98681   0.505 -0.088 -0.652 -0.083  1.000 -0.201  0.173 -0.503
        6  0.96665  -0.729 -0.894  0.775 -0.795 -0.201  1.000  0.721  0.346
        7  0.94640  -0.434 -0.918  0.472 -0.818  0.173  0.721  1.000  0.329
        8  0.97717  -0.049 -0.356  0.344 -0.289 -0.503  0.346  0.329  1.000
 **********
 **    7 **SET ERR         0.5
 **********
 **********
 **    8 **SET PRINT           1
 **********
 **********
 **    9 **HESSE        4000
 **********
 EIGENVALUES OF SECOND-DERIVATIVE MATRIX:
        -2.2667e-02 -1.1026e-03  4.6426e-02  4.2096e-01  6.0514e-01  1.2915e+00  2.3470e+00  3.3128e+00
 MINUIT WARNING IN HESSE   
 ============== MATRIX FORCED POS-DEF BY ADDING 0.025979 TO DIAGONAL.
 FCN=-445095 FROM HESSE     STATUS=NOT POSDEF     69 CALLS        1300 TOTAL
                     EDM=0.00200474    STRATEGY= 1      ERR MATRIX NOT POS-DEF
  EXT PARAMETER                APPROXIMATE     INTERNAL      INTERNAL  
  NO.   NAME      VALUE            ERROR       STEP SIZE       VALUE   
   1  delta        6.44989e-02   2.39509e-02   1.08222e-03  -1.41125e+00
   2  fraction     5.14995e-01   1.28098e-02   2.40118e-03   2.99940e-02
   3  gamma        5.45059e-01   1.40815e-01   3.01289e-03  -1.09993e+00
   4  mean_gaussian  -9.11916e-04   8.79856e-05   2.40594e-05  -9.11916e-04
   5  mean_johnson   1.96822e+00   1.02363e-05   1.35811e-05  -3.97576e-01
   6  sigma_gaussian   8.30106e-03   1.22300e-04   2.45287e-04  -1.38942e+00
   7  sigma_gaussian2   5.10991e-03   4.85901e-05   1.50799e-04  -1.42911e+00
   8  sigma_johnson   2.65904e-05   2.65715e-05   5.88061e-04  -1.55928e+00
                               ERR DEF= 0.5
 EXTERNAL ERROR MATRIX.    NDIM=  25    NPAR=  8    ERR DEF=0.5
  5.738e-04 -2.495e-05 -3.285e-03 -4.648e-08  1.743e-07 -1.715e-06  2.853e-07  5.553e-07 
 -2.495e-05  1.641e-04 -8.028e-05  8.214e-07 -3.463e-08 -9.264e-07 -5.095e-07 -1.368e-07 
 -3.285e-03 -8.028e-05  1.985e-02 -3.394e-07 -1.107e-06  1.142e-05 -9.613e-07 -2.831e-06 
 -4.648e-08  8.214e-07 -3.394e-07  7.741e-09 -1.671e-10 -4.729e-09 -2.520e-09 -6.323e-10 
  1.743e-07 -3.463e-08 -1.107e-06 -1.671e-10  1.048e-10 -4.450e-10  1.813e-10  1.285e-10 
 -1.715e-06 -9.264e-07  1.142e-05 -4.729e-09 -4.450e-10  1.496e-08  1.388e-09 -9.604e-10 
  2.853e-07 -5.095e-07 -9.613e-07 -2.520e-09  1.813e-10  1.388e-09  2.361e-09  6.252e-10 
  5.553e-07 -1.368e-07 -2.831e-06 -6.323e-10  1.285e-10 -9.604e-10  6.252e-10  7.061e-10 
ERR MATRIX NOT POS-DEF
 PARAMETER  CORRELATION COEFFICIENTS  
       NO.  GLOBAL      1      2      3      4      5      6      7      8
        1  0.99704   1.000 -0.081 -0.973 -0.022  0.711 -0.585  0.245  0.872
        2  0.97962  -0.081  1.000 -0.044  0.729 -0.264 -0.591 -0.819 -0.402
        3  0.99464  -0.973 -0.044  1.000 -0.027 -0.768  0.663 -0.140 -0.756
        4  0.81097  -0.022  0.729 -0.027  1.000 -0.186 -0.440 -0.589 -0.270
        5  0.96845   0.711 -0.264 -0.768 -0.186  1.000 -0.355  0.365  0.473
        6  0.92204  -0.585 -0.591  0.663 -0.440 -0.355  1.000  0.234 -0.296
        7  0.88266   0.245 -0.819 -0.140 -0.589  0.365  0.234  1.000  0.484
        8  0.99050   0.872 -0.402 -0.756 -0.270  0.473 -0.296  0.484  1.000
 ERR MATRIX NOT POS-DEF
[#1] INFO:Minization -- RooMinimizer::optimizeConst: deactivating const optimization
[#0] ERROR:InputArguments -- RooAbsRealLValue::frame(Dp_M) ERROR: unrecognized command:  
[#1] INFO:Plotting -- RooAbsPdf::plotOn(CB_left) p.d.f was fitted in a subrange and no explicit Range() and NormRange() was specified. Plotting / normalising in fit range. To override, do one of the following
	- Clear the automatic fit range attribute: <pdf>.setStringAttribute("fitrange", nullptr);
	- Explicitly specify the plotting range: Range("<rangeName>").
	- Explicitly specify where to compute the normalisation: NormRange("<rangeName>").
	The default (full) range can be denoted with Range("") / NormRange("").
[#1] INFO:Plotting -- RooAbsPdf::plotOn(CB_left) only plotting range 'fit_nll_CB_left_data'
[#1] INFO:Plotting -- RooAbsPdf::plotOn(CB_left) p.d.f. curve is normalized using explicit choice of ranges 'fit_nll_CB_left_data'
[#1] INFO:Plotting -- RooAbsPdf::plotOn(CB_left) directly selected PDF components: (johnson_gauss)
[#1] INFO:Plotting -- RooAbsPdf::plotOn(CB_left) indirectly selected PDF components: (johnson,gaussian)
[#1] INFO:Caching -- RooAbsCachedPdf::getCache(johnson_gauss) creating new cache 0xfa58020 with pdf johnson_CONV_gaussian_CACHE_Obs[Dp_M]_NORM_Dp_M for nset (Dp_M) with code 0
[#1] INFO:Plotting -- RooAbsPdf::plotOn(CB_left) p.d.f was fitted in a subrange and no explicit Range() and NormRange() was specified. Plotting / normalising in fit range. To override, do one of the following
	- Clear the automatic fit range attribute: <pdf>.setStringAttribute("fitrange", nullptr);
	- Explicitly specify the plotting range: Range("<rangeName>").
	- Explicitly specify where to compute the normalisation: NormRange("<rangeName>").
	The default (full) range can be denoted with Range("") / NormRange("").
[#1] INFO:Plotting -- RooAbsPdf::plotOn(CB_left) only plotting range 'fit_nll_CB_left_data'
[#1] INFO:Plotting -- RooAbsPdf::plotOn(CB_left) p.d.f. curve is normalized using explicit choice of ranges 'fit_nll_CB_left_data'
[#1] INFO:Plotting -- RooAbsPdf::plotOn(CB_left) directly selected PDF components: (gaussian2)
[#1] INFO:Plotting -- RooAbsPdf::plotOn(CB_left) indirectly selected PDF components: ()
[#1] INFO:Caching -- RooAbsCachedPdf::getCache(johnson_gauss) creating new cache 0xfa58020 with pdf johnson_CONV_gaussian_CACHE_Obs[Dp_M]_NORM_Dp_M for nset (Dp_M) with code 0 from preexisting content.
[#1] INFO:Plotting -- RooAbsPdf::plotOn(CB_left) p.d.f was fitted in a subrange and no explicit Range() and NormRange() was specified. Plotting / normalising in fit range. To override, do one of the following
	- Clear the automatic fit range attribute: <pdf>.setStringAttribute("fitrange", nullptr);
	- Explicitly specify the plotting range: Range("<rangeName>").
	- Explicitly specify where to compute the normalisation: NormRange("<rangeName>").
	The default (full) range can be denoted with Range("") / NormRange("").
[#1] INFO:Plotting -- RooAbsPdf::plotOn(CB_left) only plotting range 'fit_nll_CB_left_data'
[#1] INFO:Plotting -- RooAbsPdf::plotOn(CB_left) p.d.f. curve is normalized using explicit choice of ranges 'fit_nll_CB_left_data'
[#1] INFO:Caching -- RooAbsCachedPdf::getCache(johnson_gauss) creating new cache 0xfa58020 with pdf johnson_CONV_gaussian_CACHE_Obs[Dp_M]_NORM_Dp_M for nset (Dp_M) with code 0 from preexisting content.
etapip_pipipi_rank==1
150298.0
