Info in <Minuit2>: MnSeedGenerator Computing seed using NumericalGradient calculator
Info in <Minuit2>: MnSeedGenerator 9 free parameters, FCN pointer 0x7fff43383ee0
Info in <Minuit2>: InitialGradientCalculator Calculating initial gradient at point 	[                0                0                0     0.4215588218                0                0                0   -0.03042844535      1.015985294]	
Info in <Minuit2>: InitialGradientCalculator Computed initial gradient for parameter Acp value 0 [ -0.201358 , 0.201358 ] dirin 0.201358 grd 4.96628 g2 24.6639
Info in <Minuit2>: InitialGradientCalculator Computed initial gradient for parameter Acp_Ds value 0 [ -0.201358 , 0.201358 ] dirin 0.201358 grd 4.96628 g2 24.6639
Info in <Minuit2>: InitialGradientCalculator Computed initial gradient for parameter Acp_bkg value 0 [ -0.201358 , 0.201358 ] dirin 0.201358 grd 4.96628 g2 24.6639
Info in <Minuit2>: InitialGradientCalculator Computed initial gradient for parameter Ds_mean value 0.421559 [ -0.210819 , 0.233472 ] dirin 0.222145 grd 4.50156 g2 20.264
Info in <Minuit2>: InitialGradientCalculator Computed initial gradient for parameter N_total value 0 [ -0.201358 , 0.201358 ] dirin 0.201358 grd 4.96628 g2 24.6639
Info in <Minuit2>: InitialGradientCalculator Computed initial gradient for parameter N_total_Ds value 0 [ -0.201358 , 0.201358 ] dirin 0.201358 grd 4.96628 g2 24.6639
Info in <Minuit2>: InitialGradientCalculator Computed initial gradient for parameter Nbkg_total value 0 [ -0.201358 , 0.201358 ] dirin 0.201358 grd 4.96628 g2 24.6639
Info in <Minuit2>: InitialGradientCalculator Computed initial gradient for parameter mean value -0.0304284 [ -0.202085 , 0.200828 ] dirin 0.201456 grd 4.96385 g2 24.6398
Info in <Minuit2>: InitialGradientCalculator Computed initial gradient for parameter x_bkg1_tau value 1.01599 [ -0.12927 , 0.16505 ] dirin 0.14716 grd 6.79531 g2 46.1763
Info in <Minuit2>: Numerical2PGradientCalculator Calculating gradient around function value 0 
	 at point 	[                0                0                0     0.4215588218                0                0                0   -0.03042844535      1.015985294]	
Info in <Minuit2>: Numerical2PGradientCalculator  parameter cycle              x           step             f1             f2            grd             g2

Info in <Minuit2>: Numerical2PGradientCalculator        Acp    0  0 0.002013579207903 0.008682435573419 -0.008474046330711 4.260195436264 51.39701064733

Info in <Minuit2>: Numerical2PGradientCalculator        Acp    1  0 0.0002013579207903 0.0008588663505265 -0.0008567824617884 4.260196980533 51.39691966038

Info in <Minuit2>: Numerical2PGradientCalculator     Acp_Ds    0  0 0.002013579207903 -0.00976019564515 0.01149434761227 -5.277801631542 427.7103076911

Info in <Minuit2>: Numerical2PGradientCalculator     Acp_Ds    1  0 0.0002013579207903 -0.00105405667977 0.001071398196103 -5.277802997595 427.7102253614

Info in <Minuit2>: Numerical2PGradientCalculator    Acp_bkg    0  0 0.002013579207903 0.009267097377823 -0.003892079610587 3.267608479656 1325.691488784

Info in <Minuit2>: Numerical2PGradientCalculator    Acp_bkg    1  0 0.0002013579207903 0.0006848334322598 -0.0006310832815046 3.267606033573 1325.690824899

Info in <Minuit2>: Numerical2PGradientCalculator    Ds_mean    0  0.4215588217836 0.002221453134212 0.1541086006407 -0.1418733084323 66.61898567983 2479.362538437

Info in <Minuit2>: Numerical2PGradientCalculator    Ds_mean    1  0.4215588217836 0.0002221453134212 0.01485962511773 -0.01473722032086 66.61595732717 2480.413730315

Info in <Minuit2>: Numerical2PGradientCalculator    N_total    0  0 0.002013579207903 0.04516649898997 -0.04512822343249 22.42144785466 9.440262893218

Info in <Minuit2>: Numerical2PGradientCalculator    N_total    1  0 0.0002013579207903 0.004514931030926 -0.004514548282401 22.42146541315 9.440089003511

Info in <Minuit2>: Numerical2PGradientCalculator N_total_Ds    0  0 0.002013579207903 0.1160721647367 -0.1158794814063 57.59685172369 47.523312877

Info in <Minuit2>: Numerical2PGradientCalculator N_total_Ds    1  0 0.0002013579207903 0.01159855682167 -0.0115966299882 57.59690683842 47.52331697605

Info in <Minuit2>: Numerical2PGradientCalculator Nbkg_total    0  0 0.002013579207903 1.953212908468 -1.95082401405 969.4272038553 589.1956333645

Info in <Minuit2>: Numerical2PGradientCalculator Nbkg_total    1  0 0.0002013579207903 0.1952140190506 -0.195190130096 969.4283383894 589.1958900098

Info in <Minuit2>: Numerical2PGradientCalculator       mean    0  -0.03042844534963 0.00201456402294 -0.02741403978982 0.02610756858251 -13.28367025393 -321.9123920928

Info in <Minuit2>: Numerical2PGradientCalculator       mean    1  -0.03042844534963 0.000201456402294 -0.002675410672005 0.002661353374393 -13.24545654947 -346.3695392124

Info in <Minuit2>: Numerical2PGradientCalculator x_bkg1_tau    0  1.015985293815 0.001471602494989 0.04460526021204 -0.04408052725178 30.13238553406 242.3021755949

Info in <Minuit2>: Numerical2PGradientCalculator x_bkg1_tau    1  1.015985293815 0.0001471602494989 0.004436985878293 -0.004431738551283 30.13288051554 242.3020558901

Info in <Minuit2>: Numerical2PGradientCalculator 
     Parameter      Gradient           g2           step
           Acp 4.260196980533 51.39691966038 0.0002013579207903
        Acp_Ds -5.277802997595 427.7102253614 0.0002013579207903
       Acp_bkg 3.267606033573 1325.690824899 0.0002013579207903
       Ds_mean 66.61595732717 2480.413730315 0.0002221453134212
       N_total 22.42146541315 9.440089003511 0.0002013579207903
    N_total_Ds 57.59690683842 47.52331697605 0.0002013579207903
    Nbkg_total 969.4283383894 589.1958900098 0.0002013579207903
          mean -13.24545654947 -346.3695392124 0.000201456402294
    x_bkg1_tau 30.13288051554 242.3020558901 0.0001471602494989

Info in <Minuit2>: MnSeedGenerator Initial state: FCN =                 0 Edm =       861.7782435 NCalls =     37
Info in <Minuit2>: MnSeedGenerator Negative G2 Found 
  point: 	[                0                0                0     0.4215588218                0                0                0   -0.03042844535      1.015985294]	 
  grad : 	[      4.260196981     -5.277802998      3.267606034      66.61595733      22.42146541      57.59690684      969.4283384     -13.24545655      30.13288052]	 
  g2   : 	[      51.39691966      427.7102254      1325.690825       2480.41373      9.440089004      47.52331698        589.19589     -346.3695392      242.3020559]	
Info in <Minuit2>: NegativeG2LineSearch Doing a NegativeG2LineSearch since one of the G2 component is negative
Info in <Minuit2>: NegativeG2LineSearch Iter 0 param 7 -0.0304284 grad2 -346.37 grad -13.2455 grad step 0.000201456  gdel  -0.00266838
Info in <Minuit2>: MnLineSearch gdel -0.00266838 step 	[                0                0                0                0                0                0                0  0.0002014564023                0]	
Info in <Minuit2>: MnLineSearch flast -0.00267541 f0 0 flast-f0 -0.00267541 slam 1
Info in <Minuit2>: MnLineSearch denom -1.40573e-05
Info in <Minuit2>: MnLineSearch new slam -189.822
Info in <Minuit2>: MnLineSearch slam is negative - set to 5
Info in <Minuit2>: MnLineSearch after initial 2-point iter: 
  x0, x1, x2: 0 1 5 
  f0, f1, f2: 0 -0.00267541 -0.0135209
Info in <Minuit2>: MnLineSearch Iteration 3 
  x0, x1, x2: 0 1 5 
  f0, f1, f2: 0 -0.00267541 -0.0135209 
  slamax    : 10 
  p2-p0,p1  : -0.0135209 -0.0108455 
  a, b, c   : -7.19273e-06 -0.00266822 0
Info in <Minuit2>: MnLineSearch xvmin 5 slopem -0.00274015 slam 15
Info in <Minuit2>: MnLineSearch slam 15 undral -100 overall 1000
Info in <Minuit2>: MnLineSearch iterate on f3- slam 3 slam 15 xvmin 5
Info in <Minuit2>: MnLineSearch f3 -0.0412848 f3-p(2-0).Y() -0.0277639 -0.0386094 -0.0412848
Info in <Minuit2>: MnLineSearch f3 -0.0412848 fvmin -0.0135209 xvmin 5
Info in <Minuit2>: MnLineSearch Iteration 4 
  x0, x1, x2: 15 1 5 
  f0, f1, f2: -0.0412848 -0.00267541 -0.0135209 
  slamax    : 30 
  p2-p0,p1  : 0.0277639 -0.0108455 
  a, b, c   : -4.64415e-06 -0.00268351 1.27429e-05
Info in <Minuit2>: MnLineSearch xvmin 15 slopem -0.00282283 slam 45
Info in <Minuit2>: MnLineSearch slam 45 undral -100 overall 1000
Info in <Minuit2>: MnLineSearch iterate on f3- slam 4 slam 45 xvmin 15
Info in <Minuit2>: MnLineSearch f3 -0.0697927 f3-p(2-0).Y() -0.0562718 -0.0671173 -0.0285078
Info in <Minuit2>: MnLineSearch f3 -0.0697927 fvmin -0.0412848 xvmin 15
Info in <Minuit2>: MnLineSearch Iteration 5 
  x0, x1, x2: 15 45 5 
  f0, f1, f2: -0.0412848 -0.0697927 -0.0135209 
  slamax    : 90 
  p2-p0,p1  : 0.0277639 0.0562718 
  a, b, c   : 4.56533e-05 -0.00368946 0.00378505
Info in <Minuit2>: MnLineSearch slam 40.4074 undral -100 overall 1000
Info in <Minuit2>: MnLineSearch iterate on f3- slam 5 slam 40.4074 xvmin 45
Info in <Minuit2>: MnLineSearch f3 -0.0681251 f3-p(2-0).Y() -0.0546042 0.00166757 -0.0268403
Info in <Minuit2>: MnLineSearch f3 -0.0681251 fvmin -0.0697927 xvmin 45
Info in <Minuit2>: MnLineSearch Iteration 6 
  x0, x1, x2: 15 45 40.4074 
  f0, f1, f2: -0.0412848 -0.0697927 -0.0681251 
  slamax    : 90 
  p2-p0,p1  : -0.0268403 0.00166757 
  a, b, c   : 2.311e-05 -0.00233686 -0.0114317
Info in <Minuit2>: MnLineSearch slam 50.5595 undral 40.4574 overall 1000
Info in <Minuit2>: MnLineSearch iterate on f3- slam 6 slam 50.5595 xvmin 45
Info in <Minuit2>: MnLineSearch f3 -0.0718355 f3-p(2-0).Y() -0.00371043 -0.00204287 -0.0305507
Info in <Minuit2>: MnLineSearch f3 -0.0718355 fvmin -0.0697927 xvmin 45
Info in <Minuit2>: MnLineSearch Iteration 7 
  x0, x1, x2: 50.5595 45 40.4074 
  f0, f1, f2: -0.0718355 -0.0697927 -0.0681251 
  slamax    : 101.119 
  p2-p0,p1  : 0.00371043 0.00166757 
  a, b, c   : -4.29166e-07 -0.000326443 -0.0542337
Info in <Minuit2>: MnLineSearch xvmin 50.5595 slopem -0.00036984 slam 151.679
Info in <Minuit2>: MnLineSearch slam 151.679 undral 40.4574 overall 1000
Info in <Minuit2>: MnLineSearch iterate on f3- slam 7 slam 151.679 xvmin 50.5595
Info in <Minuit2>: MnLineSearch f3 -0.013166 f3-p(2-0).Y() 0.0549591 0.0566266 0.0586695
Info in <Minuit2>: MnLineSearch f3 worse than all three previous
Info in <Minuit2>: MnLineSearch new slam 101.119
Info in <Minuit2>: MnLineSearch iterate on f3- slam 8 slam 101.119 xvmin 50.5595
Info in <Minuit2>: MnLineSearch f3 -0.0933561 f3-p(2-0).Y() -0.0252311 -0.0235635 -0.0215206
Info in <Minuit2>: MnLineSearch f3 -0.0933561 fvmin -0.0718355 xvmin 50.5595
Info in <Minuit2>: MnLineSearch Iteration 9 
  x0, x1, x2: 50.5595 45 101.119 
  f0, f1, f2: -0.0718355 -0.0697927 -0.0933561 
  slamax    : 202.238 
  p2-p0,p1  : -0.0215206 -0.0235635 
  a, b, c   : -1.037e-06 -0.000268358 -0.0556166
Info in <Minuit2>: MnLineSearch xvmin 101.119 slopem -0.000478079 slam 303.357
Info in <Minuit2>: MnLineSearch slam 151.629 undral 40.4574 overall 151.629
Info in <Minuit2>: MnLineSearch iterate on f3- slam 9 slam 151.629 xvmin 101.119
Info in <Minuit2>: MnLineSearch f3 -0.0132509 f3-p(2-0).Y() 0.0801052 0.0565418 0.0585846
Info in <Minuit2>: MnLineSearch f3 worse than all three previous
Info in <Minuit2>: MnLineSearch new slam 126.374
Info in <Minuit2>: MnLineSearch iterate on f3- slam 10 slam 126.374 xvmin 101.119
Info in <Minuit2>: MnLineSearch f3 -0.0567428 f3-p(2-0).Y() 0.0366133 0.0130499 0.0150927
Info in <Minuit2>: MnLineSearch f3 worse than all three previous
Info in <Minuit2>: MnLineSearch new slam 113.746
Info in <Minuit2>: MnLineSearch iterate on f3- slam 11 slam 113.746 xvmin 101.119
Info in <Minuit2>: MnLineSearch f3 -0.0784484 f3-p(2-0).Y() 0.0149078 -0.00865572 -0.00661286
Info in <Minuit2>: MnLineSearch f3 -0.0784484 fvmin -0.0933561 xvmin 101.119
Info in <Minuit2>: MnLineSearch f1, f2 = -0.0718355 -0.0784484 
 x1, x2 = 50.5595 113.746 
 x, f = 101.119 -0.0933561
Info in <Minuit2>: NegativeG2LineSearch Line search result 101.119 f(0) 0 f(1) -0.0933561
Info in <Minuit2>: Numerical2PGradientCalculator Calculating gradient around function value -0.0933561 
	 at point 	[                0                0                0     0.4215588218                0                0                0    -0.0100573678      1.015985294]	
Info in <Minuit2>: Numerical2PGradientCalculator  parameter cycle              x           step             f1             f2            grd             g2

Info in <Minuit2>: Numerical2PGradientCalculator        Acp    0  0 7.419492877621e-05 -0.09304029661746 -0.09367171869279 4.255156556819 51.47093522125

Info in <Minuit2>: Numerical2PGradientCalculator     Acp_Ds    0  0 2.57198216406e-05 -0.09349175249004 -0.09322026323269 -5.27782154047 427.7026088164

Info in <Minuit2>: Numerical2PGradientCalculator    Acp_bkg    0  0 2.013579207903e-05 -0.09328998286907 -0.09342177827185 3.272664970478 1325.714340361

Info in <Minuit2>: Numerical2PGradientCalculator    Ds_mean    0  0.4215588217836 2.221453134212e-05 -0.09187575914451 -0.09483531549212 66.613071913 2480.347587556

Info in <Minuit2>: Numerical2PGradientCalculator    N_total    0  0 0.0001731229694954 -0.08947595438499 -0.09723606092125 22.41212289415 9.453818277801

Info in <Minuit2>: Numerical2PGradientCalculator N_total_Ds    0  0 7.715949572691e-05 -0.0889117767073 -0.09780023901668 57.5979808165 47.5222652878

Info in <Minuit2>: Numerical2PGradientCalculator Nbkg_total    0  0 2.191355779997e-05 -0.07211211226573 -0.1145999034474 969.4407354902 589.2055489961

Info in <Minuit2>: Numerical2PGradientCalculator       mean    0  -0.01005736779812 2.858070404852e-05 -0.0933009558208 -0.09340870230456 1.884951531871 3232.545900542

Info in <Minuit2>: Numerical2PGradientCalculator       mean    1  -0.01005736779812 9.355573586773e-06 -0.09333837315172 -0.09337364256618 1.884941320478 3232.543617903

Info in <Minuit2>: Numerical2PGradientCalculator x_bkg1_tau    0  1.015985293815 3.417151377122e-05 -0.09232075495215 -0.09439126105109 30.29579129554 242.0575184006

Info in <Minuit2>: Numerical2PGradientCalculator 
     Parameter      Gradient           g2           step
           Acp 4.255156556819 51.47093522125 7.419492877621e-05
        Acp_Ds -5.27782154047 427.7026088164 2.57198216406e-05
       Acp_bkg 3.272664970478 1325.714340361 2.013579207903e-05
       Ds_mean 66.613071913 2480.347587556 2.221453134212e-05
       N_total 22.41212289415 9.453818277801 0.0001731229694954
    N_total_Ds 57.5979808165 47.5222652878 7.715949572691e-05
    Nbkg_total 969.4407354902 589.2055489961 2.191355779997e-05
          mean 1.884941320478 3232.543617903 9.355573586773e-06
    x_bkg1_tau 30.29579129554 242.0575184006 3.417151377122e-05

Info in <Minuit2>: NegativeG2LineSearch New result after Line search - iter 0 param 7 -0.0100574 step 0.0203711 new grad2 3232.54 new grad 1.88494
Info in <Minuit2>: NegativeG2LineSearch Approximate new covariance after NegativeG2LS using only G2
Info in <Minuit2>: MnSeedGenerator Negative G2 found - new state: 
  Minimum value : -0.09335614933
  Edm           : 862.0021439
  Internal parameters:	[                0                0                0     0.4215588218                0                0                0    -0.0100573678      1.015985294]	
  Internal gradient  :	[      4.255156557      -5.27782154       3.27266497      66.61307191      22.41212289      57.59798082      969.4407355       1.88494132       30.2957913]	
  Internal covariance matrix:
[[    0.038856881              0              0              0              0              0              0              0              0]
 [              0   0.0046761464              0              0              0              0              0              0              0]
 [              0              0   0.0015086206              0              0              0              0              0              0]
 [              0              0              0   0.0008063386              0              0              0              0              0]
 [              0              0              0              0     0.21155473              0              0              0              0]
 [              0              0              0              0              0    0.042085536              0              0              0]
 [              0              0              0              0              0              0   0.0033944012              0              0]
 [              0              0              0              0              0              0              0  0.00061870782              0]
 [              0              0              0              0              0              0              0              0    0.008262499]]]
Info in <Minuit2>: MnSeedGenerator calling MnHesse
Info in <Minuit2>: MnHesse Gradient is numerical 
  point: 	[                0                0                0     0.4215588218                0                0                0    -0.0100573678      1.015985294]	 
  fcn  : -0.0933561 
  grad : 	[      4.255156557      -5.27782154       3.27266497      66.61307191      22.41212289      57.59798082      969.4407355       1.88494132       30.2957913]	 
  step : 	[  7.419492878e-05  2.571982164e-05  2.013579208e-05  2.221453134e-05  0.0001731229695  7.715949573e-05   2.19135578e-05  9.355573587e-06  3.417151377e-05]	 
  g2   : 	[      51.47093522      427.7026088       1325.71434      2480.347588      9.453818278      47.52226529       589.205549      3232.543618      242.0575184]	
Info in <Minuit2>: MnHesse Derivative parameter 0 d = 7.41949e-05 dmin = 2.84217e-14
Info in <Minuit2>: MnHesse cycle 0 mul 0 	sag = 1.41671e-07 d = 7.41949e-05
Info in <Minuit2>: MnHesse g1 = 4.25516 g2 = 51.4709 step = 7.41949e-05 d = 0.00237253 diffd = 0.968728 diffg2 = 0
Info in <Minuit2>: MnHesse Derivative parameter 1 d = 2.57198e-05 dmin = 2.84217e-14
Info in <Minuit2>: MnHesse cycle 0 mul 0 	sag = 1.41465e-07 d = 2.57198e-05
Info in <Minuit2>: MnHesse g1 = -5.27782 g2 = 427.703 step = 2.57198e-05 d = 0.000823042 diffd = 0.96875 diffg2 = 1.32904e-16
Info in <Minuit2>: MnHesse Derivative parameter 2 d = 2.01358e-05 dmin = 2.84217e-14
Info in <Minuit2>: MnHesse cycle 0 mul 0 	sag = 2.68756e-07 d = 2.01358e-05
Info in <Minuit2>: MnHesse g1 = 3.27266 g2 = 1325.71 step = 2.01358e-05 d = 0.000467485 diffd = 0.956927 diffg2 = 0
Info in <Minuit2>: MnHesse Derivative parameter 3 d = 2.22145e-05 dmin = 2.01015e-07
Info in <Minuit2>: MnHesse cycle 0 mul 0 	sag = 6.12008e-07 d = 2.22145e-05
Info in <Minuit2>: MnHesse g1 = 66.6131 g2 = 2480.35 step = 2.22145e-05 d = 0.000341772 diffd = 0.935002 diffg2 = 1.8334e-16
Info in <Minuit2>: MnHesse Derivative parameter 4 d = 0.000173123 dmin = 2.84217e-14
Info in <Minuit2>: MnHesse cycle 0 mul 0 	sag = 1.41673e-07 d = 0.000173123
Info in <Minuit2>: MnHesse g1 = 22.4121 g2 = 9.45382 step = 0.000173123 d = 0.00553591 diffd = 0.968727 diffg2 = 1.87898e-16
Info in <Minuit2>: MnHesse Derivative parameter 5 d = 7.71595e-05 dmin = 2.84217e-14
Info in <Minuit2>: MnHesse cycle 0 mul 0 	sag = 1.41464e-07 d = 7.71595e-05
Info in <Minuit2>: MnHesse g1 = 57.598 g2 = 47.5223 step = 7.71595e-05 d = 0.00246913 diffd = 0.96875 diffg2 = 0
Info in <Minuit2>: MnHesse Derivative parameter 6 d = 2.19136e-05 dmin = 2.84217e-14
Info in <Minuit2>: MnHesse cycle 0 mul 0 	sag = 1.41469e-07 d = 2.19136e-05
Info in <Minuit2>: MnHesse g1 = 969.441 g2 = 589.206 step = 2.19136e-05 d = 0.000701228 diffd = 0.96875 diffg2 = 0
Info in <Minuit2>: MnHesse Derivative parameter 7 d = 9.35557e-06 dmin = 4.79576e-09
Info in <Minuit2>: MnHesse cycle 0 mul 0 	sag = 1.41467e-07 d = 9.35557e-06
Info in <Minuit2>: MnHesse g1 = 1.88494 g2 = 3232.54 step = 9.35557e-06 d = 0.000299378 diffd = 0.96875 diffg2 = 0
Info in <Minuit2>: MnHesse Derivative parameter 8 d = 3.41715e-05 dmin = 4.8446e-07
Info in <Minuit2>: MnHesse cycle 0 mul 0 	sag = 1.41324e-07 d = 3.41715e-05
Info in <Minuit2>: MnHesse g1 = 30.2958 g2 = 242.058 step = 3.41715e-05 d = 0.00109404 diffd = 0.968766 diffg2 = 0
Info in <Minuit2>: MnHesse Second derivatives 	[      51.47093522      427.7026088       1325.71434      2480.347588      9.453818278      47.52226529       589.205549      3232.543618      242.0575184]	
Info in <Minuit2>: HessianGradientCalculator HGC Param : 0 	 new g1 = 4.25516 gstep = 1.4839e-05 dgrd = 6.27753e-08
Info in <Minuit2>: HessianGradientCalculator HGC Param : 1 	 new g1 = -5.27782 gstep = 5.14396e-06 dgrd = 8.82659e-08
Info in <Minuit2>: HessianGradientCalculator HGC Param : 2 	 new g1 = 3.27267 gstep = 4.02716e-06 dgrd = 2.48071e-07
Info in <Minuit2>: HessianGradientCalculator HGC Param : 3 	 new g1 = 66.6131 gstep = 4.44291e-06 dgrd = 1.0939e-07
Info in <Minuit2>: HessianGradientCalculator HGC Param : 4 	 new g1 = 22.4121 gstep = 3.46246e-05 dgrd = 1.35584e-07
Info in <Minuit2>: HessianGradientCalculator HGC Param : 5 	 new g1 = 57.598 gstep = 1.54319e-05 dgrd = 5.52525e-10
Info in <Minuit2>: HessianGradientCalculator HGC Param : 6 	 new g1 = 969.441 gstep = 4.38271e-06 dgrd = 4.99666e-07
Info in <Minuit2>: HessianGradientCalculator HGC Param : 7 	 new g1 = 1.88494 gstep = 1.87111e-06 dgrd = 1.19505e-06
Info in <Minuit2>: HessianGradientCalculator HGC Param : 8 	 new g1 = 30.2958 gstep = 6.8343e-06 dgrd = 3.15228e-07
Info in <Minuit2>: MnHesse Original error matrix 
[[      51.470935     0.31134924      70.926276   0.0057207076     0.97887629 -0.00070745929      -1.516942    -0.54690826     0.23969561]
 [     0.31134924      427.70261      149.19354     -3.4682115  -0.0015718235    -0.81577156      1.6420149   0.0017422234      1.0928022]
 [      70.926276      149.19354      1325.7143      3.4638283    -0.97595548     0.82244398    -0.10463773     0.54593336     -1.3346611]
 [   0.0057207076     -3.4682115      3.4638283      2480.3476   -0.090988594      9.1320506     -18.121255    -0.12933586      8.7095719]
 [     0.97887629  -0.0015718235    -0.97595548   -0.090988594      9.4538183    0.044775942      20.263755      1.3753515     -3.3027898]
 [ -0.00070745929    -0.81577156     0.82244398      9.1320506    0.044775942      47.522265      33.154617     0.04850663      20.445477]
 [      -1.516942      1.6420149    -0.10463773     -18.121255      20.263755      33.154617      589.20555     -2.2296359     -35.753501]
 [    -0.54690826   0.0017422234     0.54593336    -0.12933586      1.3753515     0.04850663     -2.2296359      3232.5436      8.4114074]
 [     0.23969561      1.0928022     -1.3346611      8.7095719     -3.3027898      20.445477     -35.753501      8.4114074      242.05752]]]
Info in <Minuit2>: MnHesse PosDef error matrix 
[[      51.470935     0.31134924      70.926276   0.0057207076     0.97887629 -0.00070745929      -1.516942    -0.54690826     0.23969561]
 [     0.31134924      427.70261      149.19354     -3.4682115  -0.0015718235    -0.81577156      1.6420149   0.0017422234      1.0928022]
 [      70.926276      149.19354      1325.7143      3.4638283    -0.97595548     0.82244398    -0.10463773     0.54593336     -1.3346611]
 [   0.0057207076     -3.4682115      3.4638283      2480.3476   -0.090988594      9.1320506     -18.121255    -0.12933586      8.7095719]
 [     0.97887629  -0.0015718235    -0.97595548   -0.090988594      9.4538183    0.044775942      20.263755      1.3753515     -3.3027898]
 [ -0.00070745929    -0.81577156     0.82244398      9.1320506    0.044775942      47.522265      33.154617     0.04850663      20.445477]
 [      -1.516942      1.6420149    -0.10463773     -18.121255      20.263755      33.154617      589.20555     -2.2296359     -35.753501]
 [    -0.54690826   0.0017422234     0.54593336    -0.12933586      1.3753515     0.04850663     -2.2296359      3232.5436      8.4114074]
 [     0.23969561      1.0928022     -1.3346611      8.7095719     -3.3027898      20.445477     -35.753501      8.4114074      242.05752]]]
Info in <Minuit2>: MnHesse Hessian is ACCURATE. New state: 
  First derivative: 	[       4.25515662     -5.277821452      3.272665219       66.6130718      22.41212303      57.59798082       969.440736      1.884940125      30.29579161]	 
  Second derivative: 	[      51.47093522      427.7026088       1325.71434      2480.347588      9.453818278      47.52226529       589.205549      3232.543618      242.0575184]	 
  Gradient step: 	[  1.483898576e-05  5.143964328e-06  4.027158416e-06  4.442906268e-06   3.46245939e-05  1.543189915e-05   4.38271156e-06  1.871114717e-06  6.834302754e-06]	 
  Covariance matrix: 
[[    0.021099872  0.00039401865  -0.0011751355  3.4398846e-06  -0.0026293883 -5.4443191e-05  0.00014424121  5.0898638e-06 -3.9426097e-05]
 [  0.00039401865   0.0024412423  -0.0002959263  3.6100249e-06 -6.0519339e-05  6.0968281e-05  -8.315926e-06  1.8760808e-07 -2.0383388e-05]
 [  -0.0011751355  -0.0002959263  0.00085067991 -1.6212517e-06  0.00023126402 -1.8517465e-05 -8.3606143e-06 -4.7424943e-07  1.0749661e-05]
 [  3.4398846e-06  3.6100249e-06 -1.6212517e-06  0.00040365109 -3.7291892e-05 -8.8137963e-05  1.8357459e-05  5.9624777e-08 -4.9073637e-06]
 [  -0.0026293883 -6.0519339e-05  0.00023126402 -3.7291892e-05       0.115024   0.0023856251  -0.0040508682 -5.4276383e-05  0.00077699921]
 [ -5.4443191e-05  6.0968281e-05 -1.8517465e-05 -8.8137963e-05   0.0023856251    0.023030289  -0.0015104095  3.1384221e-06  -0.0021330694]
 [  0.00014424121  -8.315926e-06 -8.3606143e-06  1.8357459e-05  -0.0040508682  -0.0015104095   0.0019442331  2.1806766e-06  0.00035859304]
 [  5.0898638e-06  1.8760808e-07 -4.7424943e-07  5.9624777e-08 -5.4276383e-05  3.1384221e-06  2.1806766e-06  0.00030940919  -1.144607e-05]
 [ -3.9426097e-05 -2.0383388e-05  1.0749661e-05 -4.9073637e-06  0.00077699921  -0.0021330694  0.00035859304  -1.144607e-05   0.0043757531]]] 
  Edm: 823.01
Info in <Minuit2>: MnSeedGenerator run Hesse - Initial seeding state: 
  Minimum value : -0.09335614933
  Edm           : 823.0095488
  Internal parameters:	[                0                0                0     0.4215588218                0                0                0    -0.0100573678      1.015985294]	
  Internal gradient  :	[       4.25515662     -5.277821452      3.272665219       66.6130718      22.41212303      57.59798082       969.440736      1.884940125      30.29579161]	
  Internal covariance matrix:
[[    0.042199744   0.0007880373   -0.002350271  6.8797692e-06  -0.0052587766 -0.00010888638  0.00028848241  1.0179728e-05 -7.8852194e-05]
 [   0.0007880373   0.0048824846  -0.0005918526  7.2200497e-06 -0.00012103868  0.00012193656 -1.6631852e-05  3.7521616e-07 -4.0766776e-05]
 [   -0.002350271  -0.0005918526   0.0017013598 -3.2425035e-06  0.00046252804  -3.703493e-05 -1.6721229e-05 -9.4849886e-07  2.1499322e-05]
 [  6.8797692e-06  7.2200497e-06 -3.2425035e-06  0.00080730218 -7.4583785e-05 -0.00017627593  3.6714919e-05  1.1924955e-07 -9.8147273e-06]
 [  -0.0052587766 -0.00012103868  0.00046252804 -7.4583785e-05     0.23004799   0.0047712502  -0.0081017364 -0.00010855277   0.0015539984]
 [ -0.00010888638  0.00012193656  -3.703493e-05 -0.00017627593   0.0047712502    0.046060578   -0.003020819  6.2768441e-06  -0.0042661389]
 [  0.00028848241 -1.6631852e-05 -1.6721229e-05  3.6714919e-05  -0.0081017364   -0.003020819   0.0038884661  4.3613532e-06  0.00071718608]
 [  1.0179728e-05  3.7521616e-07 -9.4849886e-07  1.1924955e-07 -0.00010855277  6.2768441e-06  4.3613532e-06  0.00061881837 -2.2892139e-05]
 [ -7.8852194e-05 -4.0766776e-05  2.1499322e-05 -9.8147273e-06   0.0015539984  -0.0042661389  0.00071718608 -2.2892139e-05   0.0087515062]]]
Info in <Minuit2>: VariableMetricBuilder Start iterating until Edm is < 0.001 with call limit = 4500
Info in <Minuit2>: VariableMetricBuilder    0 - FCN =    -0.09335614933 Edm =       823.0095488 NCalls =    141
Info in <Minuit2>: VariableMetricBuilder Start iterating...
Info in <Minuit2>: VariableMetricBuilder Initial State: 
  Parameter: 	[                0                0                0     0.4215588218                0                0                0    -0.0100573678      1.015985294]	 
  Gradient: 	[       4.25515662     -5.277821452      3.272665219       66.6130718      22.41212303      57.59798082       969.440736      1.884940125      30.29579161]	 
  InvHessian: 
[[    0.021099872  0.00039401865  -0.0011751355  3.4398846e-06  -0.0026293883 -5.4443191e-05  0.00014424121  5.0898638e-06 -3.9426097e-05]
 [  0.00039401865   0.0024412423  -0.0002959263  3.6100249e-06 -6.0519339e-05  6.0968281e-05  -8.315926e-06  1.8760808e-07 -2.0383388e-05]
 [  -0.0011751355  -0.0002959263  0.00085067991 -1.6212517e-06  0.00023126402 -1.8517465e-05 -8.3606143e-06 -4.7424943e-07  1.0749661e-05]
 [  3.4398846e-06  3.6100249e-06 -1.6212517e-06  0.00040365109 -3.7291892e-05 -8.8137963e-05  1.8357459e-05  5.9624777e-08 -4.9073637e-06]
 [  -0.0026293883 -6.0519339e-05  0.00023126402 -3.7291892e-05       0.115024   0.0023856251  -0.0040508682 -5.4276383e-05  0.00077699921]
 [ -5.4443191e-05  6.0968281e-05 -1.8517465e-05 -8.8137963e-05   0.0023856251    0.023030289  -0.0015104095  3.1384221e-06  -0.0021330694]
 [  0.00014424121  -8.315926e-06 -8.3606143e-06  1.8357459e-05  -0.0040508682  -0.0015104095   0.0019442331  2.1806766e-06  0.00035859304]
 [  5.0898638e-06  1.8760808e-07 -4.7424943e-07  5.9624777e-08 -5.4276383e-05  3.1384221e-06  2.1806766e-06  0.00030940919  -1.144607e-05]
 [ -3.9426097e-05 -2.0383388e-05  1.0749661e-05 -4.9073637e-06  0.00077699921  -0.0021330694  0.00035859304  -1.144607e-05   0.0043757531]]] 
  Edm: 823.01
Info in <Minuit2>: VariableMetricBuilder Iteration 1 Fval -0.0933561 numOfCall 141 
  Internal parameters 	[                0                0                0     0.4215588218                0                0                0    -0.0100573678      1.015985294]	 
  Newton step 	[    -0.1606694745    0.01845951449   0.004426340783   -0.03861426721      1.200896326     0.1553897017     -1.719754762  -0.001337892313    -0.3743818385]	
Info in <Minuit2>: MnLineSearch gdel -1646.02 step 	[    -0.1606694745    0.01845951449   0.004426340783   -0.03861426721      1.200896326     0.1553897017     -1.719754762  -0.001337892313    -0.3743818385]	
Info in <Minuit2>: MnLineSearch flast -446.709 f0 -0.0933561 flast-f0 -446.616 slam 1
Info in <Minuit2>: MnLineSearch denom 2398.81
Info in <Minuit2>: MnLineSearch new slam 0.686182
Info in <Minuit2>: MnLineSearch after initial 2-point iter: 
  x0, x1, x2: 0 1 0.686182 
  f0, f1, f2: -0.0933561 -446.709 -476.857
Info in <Minuit2>: MnLineSearch Iteration 3 
  x0, x1, x2: 0 1 0.686182 
  f0, f1, f2: -0.0933561 -446.709 -476.857 
  slamax    : 5 
  p2-p0,p1  : -476.764 -30.1481 
  a, b, c   : 790.875 -1237.49 -0.0933561
Info in <Minuit2>: MnLineSearch slam 0.782355 undral -100 overall 1000
Info in <Minuit2>: MnLineSearch iterate on f3- slam 3 slam 0.782355 xvmin 0.686182
Info in <Minuit2>: MnLineSearch f3 -457.923 f3-p(2-0).Y() 18.9337 -11.2144 -457.83
Info in <Minuit2>: MnLineSearch f3 -457.923 fvmin -476.857 xvmin 0.686182
Info in <Minuit2>: MnLineSearch Iteration 4 
  x0, x1, x2: 0.782355 1 0.686182 
  f0, f1, f2: -457.923 -446.709 -476.857 
  slamax    : 5 
  p2-p0,p1  : -18.9337 -30.1481 
  a, b, c   : -463.152 877.028 -860.584
Info in <Minuit2>: MnLineSearch xvmin 0.686182 slopem 241.414 slam -4.31382
Info in <Minuit2>: MnLineSearch slam -4.31382 undral -100 overall 0.732355
Info in <Minuit2>: MnLineSearch iterate on f3- slam 4 slam -4.31382 xvmin 0.686182
Info in <Minuit2>: MnLineSearch f3 1188.06 f3-p(2-0).Y() 1664.91 1634.77 1645.98
Info in <Minuit2>: MnLineSearch f3 worse than all three previous
Info in <Minuit2>: MnLineSearch new slam -1.81382
Info in <Minuit2>: MnLineSearch iterate on f3- slam 5 slam -1.81382 xvmin 0.686182
Info in <Minuit2>: MnLineSearch f3 26.0124 f3-p(2-0).Y() 502.869 472.721 483.936
Info in <Minuit2>: MnLineSearch f3 worse than all three previous
Info in <Minuit2>: MnLineSearch new slam -0.563818
Info in <Minuit2>: MnLineSearch iterate on f3- slam 6 slam -0.563818 xvmin 0.686182
Info in <Minuit2>: MnLineSearch f3 931.15 f3-p(2-0).Y() 1408.01 1377.86 1389.07
Info in <Minuit2>: MnLineSearch f3 worse than all three previous
Info in <Minuit2>: MnLineSearch new slam 0.0611823
Info in <Minuit2>: MnLineSearch iterate on f3- slam 7 slam 0.0611823 xvmin 0.686182
Info in <Minuit2>: MnLineSearch f3 -97.4043 f3-p(2-0).Y() 379.453 349.305 360.519
Info in <Minuit2>: MnLineSearch f3 worse than all three previous
Info in <Minuit2>: MnLineSearch new slam 0.373682
Info in <Minuit2>: MnLineSearch iterate on f3- slam 8 slam 0.373682 xvmin 0.686182
Info in <Minuit2>: MnLineSearch f3 -438.603 f3-p(2-0).Y() 38.2541 8.10603 19.3204
Info in <Minuit2>: MnLineSearch f3 worse than all three previous
Info in <Minuit2>: MnLineSearch new slam 0.529932
Info in <Minuit2>: MnLineSearch iterate on f3- slam 9 slam 0.529932 xvmin 0.686182
Info in <Minuit2>: MnLineSearch f3 -489.009 f3-p(2-0).Y() -12.1522 -42.3002 -31.0859
Info in <Minuit2>: MnLineSearch f3 -489.009 fvmin -476.857 xvmin 0.686182
Info in <Minuit2>: MnLineSearch Iteration 10 
  x0, x1, x2: 0.782355 0.529932 0.686182 
  f0, f1, f2: -457.923 -489.009 -476.857 
  slamax    : 5 
  p2-p0,p1  : -18.9337 12.1522 
  a, b, c   : 471.817 -496.01 -358.657
Info in <Minuit2>: MnLineSearch slam 0.525638 undral 0.423682 overall 0.732355
Info in <Minuit2>: MnLineSearch iterate on f3- slam 10 slam 0.525638 xvmin 0.529932
Info in <Minuit2>: VariableMetricBuilder Result after line search : 
  x = 0.529932 
  Old Fval = -0.0933561 
  New Fval = -489.009 
  NFcalls = 150
Info in <Minuit2>: Numerical2PGradientCalculator Calculating gradient around function value -489.009 
	 at point 	[   -0.08514394976   0.009782293612   0.002345661106      0.401095873     0.6363937939    0.08234602742    -0.9113536562    -0.0107663602     0.8175882521]	
Info in <Minuit2>: Numerical2PGradientCalculator  parameter cycle              x           step             f1             f2            grd             g2

Info in <Minuit2>: Numerical2PGradientCalculator        Acp    0  -0.08514394976266 0.0001483898575524 -489.0095985066 -489.0086456652 -3.210601455952 115.2162934514

Info in <Minuit2>: Numerical2PGradientCalculator        Acp    1  -0.08514394976266 0.001423339462061 -489.0135764164 -489.0044368761 -3.210597534359 115.2163786064

Info in <Minuit2>: Numerical2PGradientCalculator     Acp_Ds    0  0.00978229361228 5.143964328121e-05 -489.0091992642 -489.0090459265 -1.490461871733 573.7296826975

Info in <Minuit2>: Numerical2PGradientCalculator     Acp_Ds    1  0.00978229361228 0.0005143964328121 -489.0098141371 -489.0082807607 -1.490461693433 573.729620828

Info in <Minuit2>: Numerical2PGradientCalculator    Acp_bkg    0  0.002345661106001 4.027158415807e-05 -489.0091109791 -489.0091338527 0.283991772312 1157.384512669

Info in <Minuit2>: Numerical2PGradientCalculator    Acp_bkg    1  0.002345661106001 0.0004027158415807 -489.0089151341 -489.0091438701 0.2839917579853 1157.384467806

Info in <Minuit2>: Numerical2PGradientCalculator    Ds_mean    0  0.401095873004 4.442906268424e-05 -489.0094198646 -489.0088181481 -6.771653980407 4405.42834796

Info in <Minuit2>: Numerical2PGradientCalculator    Ds_mean    1  0.401095873004 0.000230182005467 -489.0105653879 -489.0074479048 -6.771778583549 4405.428459013

Info in <Minuit2>: Numerical2PGradientCalculator    N_total    0  0.6363937939303 0.0003462459389907 -489.0068343946 -489.0114118532 6.610126008544 3.844986540659

Info in <Minuit2>: Numerical2PGradientCalculator    N_total    1  0.6363937939303 0.003462459389907 -488.9862132133 -489.0319873993 6.610068293098 3.844993918349

Info in <Minuit2>: Numerical2PGradientCalculator N_total_Ds    0  0.08234602742295 0.0001543189914538 -489.0053086885 -489.0129366404 24.71488384859 57.94205289077

Info in <Minuit2>: Numerical2PGradientCalculator N_total_Ds    1  0.08234602742295 0.001543189914538 -488.9709146469 -489.0471940768 24.71485499394 57.94200047357

Info in <Minuit2>: Numerical2PGradientCalculator Nbkg_total    0  -0.9113536562299 4.382711559995e-05 -489.0067304176 -489.011514499 54.57901383946 933.05099438

Info in <Minuit2>: Numerical2PGradientCalculator Nbkg_total    1  -0.9113536562299 0.0004382711559995 -488.9851133094 -489.0329541773 54.57907427339 933.0518206268

Info in <Minuit2>: Numerical2PGradientCalculator       mean    0  -0.01076636019546 1.871114717355e-05 -489.0090407698 -489.0092056887 4.406969184694 714.8884899461

Info in <Minuit2>: Numerical2PGradientCalculator       mean    1  -0.01076636019546 0.0001871114717355 -489.0082863246 -489.0099353539 4.406542440435 714.9332266533

Info in <Minuit2>: Numerical2PGradientCalculator x_bkg1_tau    0  0.8175882520516 6.834302754245e-05 -489.0085091093 -489.0097357122 8.973869670029 404.0700266594

Info in <Minuit2>: Numerical2PGradientCalculator x_bkg1_tau    1  0.8175882520516 0.0006834302754245 -489.0028960373 -489.0151619397 8.973777496611 404.0700629261

Info in <Minuit2>: Numerical2PGradientCalculator 
     Parameter      Gradient           g2           step
           Acp -3.210597534359 115.2163786064 0.001423339462061
        Acp_Ds -1.490461693433 573.729620828 0.0005143964328121
       Acp_bkg 0.2839917579853 1157.384467806 0.0004027158415807
       Ds_mean -6.771778583549 4405.428459013 0.000230182005467
       N_total 6.610068293098 3.844993918349 0.003462459389907
    N_total_Ds 24.71485499394 57.94200047357 0.001543189914538
    Nbkg_total 54.57907427339 933.0518206268 0.0004382711559995
          mean 4.406542440435 714.9332266533 0.0001871114717355
    x_bkg1_tau 8.973777496611 404.0700629261 0.0006834302754245

Info in <Minuit2>: DavidonErrorUpdator 
dx 	[   -0.08514394976   0.009782293612   0.002345661106   -0.02046294878     0.6363937939    0.08234602742    -0.9113536562 -0.0007089923973    -0.1983970418]	 
dg 	[     -7.465754154      3.787359759     -2.988673461     -73.38485039     -15.80205474     -32.88312582     -914.8616617      2.521602315     -21.32201411]	 
delgam 827.394 gvg 1495.48
Info in <Minuit2>: DavidonErrorUpdator delgam<gvg : use rank 2 Davidon formula
Info in <Minuit2>: VariableMetricBuilder Updated new point: 
  Parameter: 	[   -0.08514394976   0.009782293612   0.002345661106      0.401095873     0.6363937939    0.08234602742    -0.9113536562    -0.0107663602     0.8175882521]	 
  Gradient: 	[     -3.210597534     -1.490461693      0.283991758     -6.771778584      6.610068293      24.71485499      54.57907427       4.40654244      8.973777497]	 
  InvHessian: 
[[    0.042139887  0.00079050137  -0.0023476649 -2.6871598e-06  -0.0048059919  7.9874744e-05 -6.2814287e-05  1.0243124e-05 -0.00015478818]
 [  0.00079050137   0.0048824569 -0.00059197586  7.5334316e-06 -0.00013976817  0.00011198098 -7.0019558e-06  3.6322624e-07 -3.8701614e-05]
 [  -0.0023476649 -0.00059197586   0.0017012498 -2.8085206e-06   0.0004428338 -4.4779508e-05  -3.782346e-07 -9.4922471e-07  2.5035572e-05]
 [ -2.6871598e-06  7.5334316e-06 -2.8085206e-06  0.00080586094 -2.1164635e-06  -0.0001437202 -1.4157309e-05  1.3962475e-07 -2.0793286e-05]
 [  -0.0048059919 -0.00013976817   0.0004428338 -2.1164635e-06     0.22662302   0.0033460408  -0.0054384474 -0.00010902086   0.0021297127]
 [  7.9874744e-05  0.00011198098 -4.4779508e-05  -0.0001437202   0.0033460408    0.045530109  -0.0017696973  6.3550995e-06  -0.0039952103]
 [ -6.2814287e-05 -7.0019558e-06  -3.782346e-07 -1.4157309e-05  -0.0054384474  -0.0017696973   0.0021435618  5.3485519e-06  0.00034108636]
 [  1.0243124e-05  3.6322624e-07 -9.4922471e-07  1.3962475e-07 -0.00010902086  6.3550995e-06  5.3485519e-06   0.0006188195 -2.2676656e-05]
 [ -0.00015478818 -3.8701614e-05  2.5035572e-05 -2.0793286e-05   0.0021297127  -0.0039952103  0.00034108636 -2.2676656e-05   0.0086704453]]] 
  Edm: 9.42924
Info in <Minuit2>: VariableMetricBuilder    1 - FCN =      -489.0091234 Edm =       9.429243387 NCalls =    186
Info in <Minuit2>: VariableMetricBuilder Dcovar = 0.0190847 	Corrected edm = 9.96911
Info in <Minuit2>: VariableMetricBuilder Iteration 2 Fval -489.009 numOfCall 186 
