Info in <Minuit2>: MnSeedGenerator Computing seed using NumericalGradient calculator
Info in <Minuit2>: MnSeedGenerator 9 free parameters, FCN pointer 0x7ffd360756f0
Info in <Minuit2>: InitialGradientCalculator Calculating initial gradient at point 	[                0                0                0     0.4205224602   -0.07699914066                0    -0.5235987756   -0.02231930302     0.5235987756]	
Info in <Minuit2>: InitialGradientCalculator Computed initial gradient for parameter Acp value 0 [ -0.201358 , 0.201358 ] dirin 0.201358 grd 4.96628 g2 24.6639
Info in <Minuit2>: InitialGradientCalculator Computed initial gradient for parameter Acp_Ds value 0 [ -0.201358 , 0.201358 ] dirin 0.201358 grd 4.96628 g2 24.6639
Info in <Minuit2>: InitialGradientCalculator Computed initial gradient for parameter Acp_bkg value 0 [ -0.201358 , 0.201358 ] dirin 0.201358 grd 4.96628 g2 24.6639
Info in <Minuit2>: InitialGradientCalculator Computed initial gradient for parameter Ds_mean value 0.420522 [ -0.21075 , 0.233316 ] dirin 0.222033 grd 4.50384 g2 20.2846
Info in <Minuit2>: InitialGradientCalculator Computed initial gradient for parameter N_total value -0.0769991 [ -0.203591 , 0.200389 ] dirin 0.20199 grd 4.95074 g2 24.5098
Info in <Minuit2>: InitialGradientCalculator Computed initial gradient for parameter N_total_Ds value 0 [ -0.201358 , 0.201358 ] dirin 0.201358 grd 4.96628 g2 24.6639
Info in <Minuit2>: InitialGradientCalculator Computed initial gradient for parameter Nbkg_total value -0.523599 [ -0.251799 , 0.218906 ] dirin 0.235352 grd 4.24895 g2 18.0536
Info in <Minuit2>: InitialGradientCalculator Computed initial gradient for parameter mean value -0.0223193 [ -0.201871 , 0.20095 ] dirin 0.201411 grd 4.96497 g2 24.651
Info in <Minuit2>: InitialGradientCalculator Computed initial gradient for parameter x_bkg1_tau value 0.523599 [ -0.218906 , 0.251799 ] dirin 0.235352 grd 4.24895 g2 18.0536
Info in <Minuit2>: Numerical2PGradientCalculator Calculating gradient around function value 0 
	 at point 	[                0                0                0     0.4205224602   -0.07699914066                0    -0.5235987756   -0.02231930302     0.5235987756]	
Info in <Minuit2>: Numerical2PGradientCalculator  parameter cycle              x           step             f1             f2            grd             g2

Info in <Minuit2>: Numerical2PGradientCalculator        Acp    0  0 0.002013579207903 -0.006540447547934 0.007133025527139 -3.395315421764 146.1531138114

Info in <Minuit2>: Numerical2PGradientCalculator        Acp    1  0 0.0002013579207903 -0.0006807111197986 0.0006866368989904 -3.395317187976 146.1530990064

Info in <Minuit2>: Numerical2PGradientCalculator     Acp_Ds    0  0 0.002013579207903 -0.02280950191579 0.02877419425928 -12.80895630343 1471.128508856

Info in <Minuit2>: Numerical2PGradientCalculator     Acp_Ds    1  0 0.0002013579207903 -0.002549360384648 0.002609007298588 -12.80895150037 1471.128274662

Info in <Minuit2>: Numerical2PGradientCalculator    Acp_bkg    0  0 0.002013579207903 0.1626008204807 -0.1483132199518 77.20432332938 3523.886103563

Info in <Minuit2>: Numerical2PGradientCalculator    Acp_bkg    1  0 0.0002013579207903 0.01561712909691 -0.01547425314462 77.20426919262 3523.884796445

Info in <Minuit2>: Numerical2PGradientCalculator    Ds_mean    0  0.4205224601823 0.002220328083832 0.09943058291745 -0.084719719144 41.46916471543 2984.034703378

Info in <Minuit2>: Numerical2PGradientCalculator    Ds_mean    1  0.4205224601823 0.0002220328083832 0.00927723239036 -0.009130625089483 41.45301231356 2973.86530338

Info in <Minuit2>: Numerical2PGradientCalculator    N_total    0  -0.07699914065682 0.002019901297322 0.03691900688028 -0.03683596119976 18.2570723079 20.35432722167

Info in <Minuit2>: Numerical2PGradientCalculator    N_total    1  -0.07699914065682 0.0002019901297322 0.003688166296229 -0.003687335833092 18.25708548012 20.35448239858

Info in <Minuit2>: Numerical2PGradientCalculator N_total_Ds    0  0 0.002013579207903 0.01433494993503 -0.01396215713726 7.02656914643 91.94541497232

Info in <Minuit2>: Numerical2PGradientCalculator N_total_Ds    1  0 0.0002013579207903 0.0014167252086 -0.001412997288298 7.026598421834 91.94522564152

Info in <Minuit2>: Numerical2PGradientCalculator Nbkg_total    0  -0.5235987755983 0.002353524212977 0.5940295200262 -0.5908822042342 251.7313647608 568.2022897672

Info in <Minuit2>: Numerical2PGradientCalculator Nbkg_total    1  -0.5235987755983 0.0002353524212977 0.05926127589026 -0.0592298026952 251.731165399 568.2029603698

Info in <Minuit2>: Numerical2PGradientCalculator       mean    0  -0.02231930301877 0.00201410894827 -0.06701583425857 0.06828299092587 -33.58776229574 312.3664594997

Info in <Minuit2>: Numerical2PGradientCalculator       mean    1  -0.02231930301877 0.000201410894827 -0.006754396870548 0.006766065782529 -33.56437759906 287.6500448358

Info in <Minuit2>: Numerical2PGradientCalculator x_bkg1_tau    0  0.5235987755983 0.002353524212977 -1.902073647848 1.914349770347 -810.7890705249 2216.276145908

Info in <Minuit2>: Numerical2PGradientCalculator x_bkg1_tau    1  0.5235987755983 0.0002353524212977 -0.1907596157744 0.1908823772924 -810.788329609 2216.281434474

Info in <Minuit2>: Numerical2PGradientCalculator 
     Parameter      Gradient           g2           step
           Acp -3.395317187976 146.1530990064 0.0002013579207903
        Acp_Ds -12.80895150037 1471.128274662 0.0002013579207903
       Acp_bkg 77.20426919262 3523.884796445 0.0002013579207903
       Ds_mean 41.45301231356 2973.86530338 0.0002220328083832
       N_total 18.25708548012 20.35448239858 0.0002019901297322
    N_total_Ds 7.026598421834 91.94522564152 0.0002013579207903
    Nbkg_total 251.731165399 568.2029603698 0.0002353524212977
          mean -33.56437759906 287.6500448358 0.000201410894827
    x_bkg1_tau -810.788329609 2216.281434474 0.0002353524212977

Info in <Minuit2>: MnSeedGenerator Initial state: FCN =                 0 Edm =       215.7131994 NCalls =     37
Info in <Minuit2>: MnSeedGenerator calling MnHesse
Info in <Minuit2>: MnHesse Gradient is numerical 
  point: 	[                0                0                0     0.4205224602   -0.07699914066                0    -0.5235987756   -0.02231930302     0.5235987756]	 
  fcn  : 0 
  grad : 	[     -3.395317188      -12.8089515      77.20426919      41.45301231      18.25708548      7.026598422      251.7311654      -33.5643776     -810.7883296]	 
  step : 	[  0.0002013579208  0.0002013579208  0.0002013579208  0.0002220328084  0.0002019901297  0.0002013579208  0.0002353524213  0.0002014108948  0.0002353524213]	 
  g2   : 	[       146.153099      1471.128275      3523.884796      2973.865303       20.3544824      91.94522564      568.2029604      287.6500448      2216.281434]	
Info in <Minuit2>: MnHesse Derivative parameter 0 d = 0.000201358 dmin = 2.84217e-14
Info in <Minuit2>: MnHesse cycle 0 mul 0 	sag = 2.96289e-06 d = 0.000201358
Info in <Minuit2>: MnHesse g1 = -3.39532 g2 = 146.153 step = 0.000201358 d = 0.00129246 diffd = 0.844205 diffg2 = 0
Info in <Minuit2>: MnHesse Derivative parameter 1 d = 0.000201358 dmin = 2.84217e-14
Info in <Minuit2>: MnHesse cycle 0 mul 0 	sag = 2.98235e-05 d = 0.000201358
Info in <Minuit2>: MnHesse g1 = -12.809 g2 = 1471.13 step = 0.000201358 d = 0.000407375 diffd = 0.505719 diffg2 = 1.54557e-16
Info in <Minuit2>: MnHesse Derivative parameter 2 d = 0.000201358 dmin = 2.84217e-14
Info in <Minuit2>: MnHesse cycle 0 mul 0 	sag = 7.1438e-05 d = 0.000201358
Info in <Minuit2>: MnHesse g1 = 77.2043 g2 = 3523.88 step = 0.000201358 d = 0.000263214 diffd = 0.235003 diffg2 = 1.29047e-16
Info in <Minuit2>: MnHesse Derivative parameter 3 d = 0.000222033 dmin = 2.00521e-07
Info in <Minuit2>: MnHesse cycle 0 mul 0 	sag = 7.33037e-05 d = 0.000222033
Info in <Minuit2>: MnHesse g1 = 41.453 g2 = 2973.87 step = 0.000222033 d = 0.000286523 diffd = 0.225078 diffg2 = 1.52915e-16
Info in <Minuit2>: MnHesse Derivative parameter 4 d = 0.00020199 dmin = 3.67161e-08
Info in <Minuit2>: MnHesse cycle 0 mul 0 	sag = 4.15232e-07 d = 0.00020199
Info in <Minuit2>: MnHesse g1 = 18.2571 g2 = 20.3545 step = 0.00020199 d = 0.0034633 diffd = 0.941677 diffg2 = 1.74542e-16
Info in <Minuit2>: MnHesse Derivative parameter 5 d = 0.000201358 dmin = 2.84217e-14
Info in <Minuit2>: MnHesse cycle 0 mul 0 	sag = 1.86396e-06 d = 0.000201358
Info in <Minuit2>: MnHesse g1 = 7.0266 g2 = 91.9452 step = 0.000201358 d = 0.0016295 diffd = 0.87643 diffg2 = 1.54558e-16
Info in <Minuit2>: MnHesse Derivative parameter 6 d = 0.000235352 dmin = 2.49671e-07
Info in <Minuit2>: MnHesse cycle 0 mul 0 	sag = 1.57366e-05 d = 0.000235352
Info in <Minuit2>: MnHesse g1 = 251.731 g2 = 568.203 step = 0.000235352 d = 0.000655493 diffd = 0.640954 diffg2 = 0
Info in <Minuit2>: MnHesse Derivative parameter 7 d = 0.000201411 dmin = 1.06427e-08
Info in <Minuit2>: MnHesse cycle 0 mul 0 	sag = 5.83446e-06 d = 0.000201411
Info in <Minuit2>: MnHesse g1 = -33.5644 g2 = 287.65 step = 0.000201411 d = 0.000921272 diffd = 0.781377 diffg2 = 0
Info in <Minuit2>: MnHesse Derivative parameter 8 d = 0.000235352 dmin = 2.49671e-07
Info in <Minuit2>: MnHesse cycle 0 mul 0 	sag = 6.13808e-05 d = 0.000235352
Info in <Minuit2>: MnHesse g1 = -810.788 g2 = 2216.28 step = 0.000235352 d = 0.0003319 diffd = 0.290894 diffg2 = 0
Info in <Minuit2>: MnHesse Second derivatives 	[       146.153099      1471.128275      3523.884796      2973.865303       20.3544824      91.94522564      568.2029604      287.6500448      2216.281434]	
Info in <Minuit2>: HessianGradientCalculator HGC Param : 0 	 new g1 = -3.39532 gstep = 2.85595e-05 dgrd = 4.87062e-08
Info in <Minuit2>: HessianGradientCalculator HGC Param : 1 	 new g1 = -12.809 gstep = 9.00181e-06 dgrd = 2.41335e-07
Info in <Minuit2>: HessianGradientCalculator HGC Param : 2 	 new g1 = 77.2043 gstep = 5.81627e-06 dgrd = 1.53741e-07
Info in <Minuit2>: HessianGradientCalculator HGC Param : 3 	 new g1 = 41.4523 gstep = 6.33132e-06 dgrd = 0.000755183
Info in <Minuit2>: HessianGradientCalculator HGC Param : 4 	 new g1 = 18.2571 gstep = 4.0398e-05 dgrd = 1.17843e-07
Info in <Minuit2>: HessianGradientCalculator HGC Param : 5 	 new g1 = 7.0266 gstep = 3.60073e-05 dgrd = 6.73086e-08
Info in <Minuit2>: HessianGradientCalculator HGC Param : 6 	 new g1 = 251.731 gstep = 1.44845e-05 dgrd = 2.29088e-06
Info in <Minuit2>: HessianGradientCalculator HGC Param : 7 	 new g1 = -33.5644 gstep = 2.03574e-05 dgrd = 1.52277e-05
Info in <Minuit2>: HessianGradientCalculator HGC Param : 8 	 new g1 = -810.788 gstep = 7.33403e-06 dgrd = 7.28265e-06
Info in <Minuit2>: MnHesse Original error matrix 
[[       146.1531      2.2370868       250.9013    0.010159405    -0.71443028  0.00040236913     0.68658982      5.6071705   -0.088826249]
 [      2.2370868      1471.1283      498.52828     -7.2946238  0.00089795476    -0.12462928     0.17252412   -0.040754738     0.66628743]
 [       250.9013      498.52828      3523.8848      7.2852807     0.70783433     0.12908268    -0.85960573     -5.5673402    -0.59614487]
 [    0.010159405     -7.2946238      7.2852807      2973.8653    -0.56213892      7.4112819      -9.728952     -1.8033797      114.69103]
 [    -0.71443028  0.00089795476     0.70783433    -0.56213892      20.354482     0.20143536      31.292841     -7.8271811      2.6773961]
 [  0.00040236913    -0.12462928     0.12908268      7.4112819     0.20143536      91.945226      43.173991     0.52814017      108.54967]
 [     0.68658982     0.17252412    -0.85960573      -9.728952      31.292841      43.173991      568.20296      6.7992398     -152.99715]
 [      5.6071705   -0.040754738     -5.5673402     -1.8033797     -7.8271811     0.52814017      6.7992398      287.65004      53.963509]
 [   -0.088826249     0.66628743    -0.59614487      114.69103      2.6773961      108.54967     -152.99715      53.963509      2216.2814]]]
Info in <Minuit2>: MnHesse PosDef error matrix 
[[       146.1531      2.2370868       250.9013    0.010159405    -0.71443028  0.00040236913     0.68658982      5.6071705   -0.088826249]
 [      2.2370868      1471.1283      498.52828     -7.2946238  0.00089795476    -0.12462928     0.17252412   -0.040754738     0.66628743]
 [       250.9013      498.52828      3523.8848      7.2852807     0.70783433     0.12908268    -0.85960573     -5.5673402    -0.59614487]
 [    0.010159405     -7.2946238      7.2852807      2973.8653    -0.56213892      7.4112819      -9.728952     -1.8033797      114.69103]
 [    -0.71443028  0.00089795476     0.70783433    -0.56213892      20.354482     0.20143536      31.292841     -7.8271811      2.6773961]
 [  0.00040236913    -0.12462928     0.12908268      7.4112819     0.20143536      91.945226      43.173991     0.52814017      108.54967]
 [     0.68658982     0.17252412    -0.85960573      -9.728952      31.292841      43.173991      568.20296      6.7992398     -152.99715]
 [      5.6071705   -0.040754738     -5.5673402     -1.8033797     -7.8271811     0.52814017      6.7992398      287.65004      53.963509]
 [   -0.088826249     0.66628743    -0.59614487      114.69103      2.6773961      108.54967     -152.99715      53.963509      2216.2814]]]
Info in <Minuit2>: MnHesse Hessian is ACCURATE. New state: 
  First derivative: 	[     -3.395317237     -12.80895126      77.20426935      41.45225713       18.2570856      7.026598489      251.7311631     -33.56439283     -810.7883223]	 
  Second derivative: 	[       146.153099      1471.128275      3523.884796      2973.865303       20.3544824      91.94522564      568.2029604      287.6500448      2216.281434]	 
  Gradient step: 	[  2.855952863e-05  9.001808681e-06  5.816265175e-06  6.331322017e-06  4.039802595e-05  3.600729172e-05  1.448449299e-05  2.035742415e-05   7.33402846e-06]	 
  Covariance matrix: 
[[   0.0078523803  0.00018657834  -0.0005857982   1.666194e-06   0.0002724171  1.0941658e-05 -2.4010748e-05 -0.00015665264  1.3065726e-06]
 [  0.00018657834  0.00071842623 -0.00011493637  2.0486101e-06  1.0676777e-05  2.1316074e-06 -1.3836396e-06   -5.34727e-06 -4.2805391e-07]
 [  -0.0005857982 -0.00011493637  0.00034178304 -1.1011176e-06 -3.0311844e-05 -2.0204759e-06  2.8801173e-06   1.710707e-05  7.7859207e-08]
 [   1.666194e-06  2.0486101e-06 -1.1011176e-06   0.0003369596  1.2420114e-05 -7.4043642e-06  9.5581748e-07  5.6074385e-06 -1.7161172e-05]
 [   0.0002724171  1.0676777e-05 -3.0311844e-05  1.2420114e-05     0.05489052   0.0019284175  -0.0033050251    0.001642964 -0.00042956536]
 [  1.0941658e-05  2.1316074e-06 -2.0204759e-06 -7.4043642e-06   0.0019284175    0.012264248  -0.0012267888  0.00018845791 -0.00069190705]
 [ -2.4010748e-05 -1.3836396e-06  2.8801173e-06  9.5581748e-07  -0.0033050251  -0.0012267888   0.0020946673 -0.00017660852  0.00021293136]
 [ -0.00015665264   -5.34727e-06   1.710707e-05  5.6074385e-06    0.001642964  0.00018845791 -0.00017660852   0.0035490577 -0.00011011209]
 [  1.3065726e-06 -4.2805391e-07  7.7859207e-08 -1.7161172e-05 -0.00042956536 -0.00069190705  0.00021293136 -0.00011011209  0.00050388231]]] 
  Edm: 192.828
Info in <Minuit2>: MnSeedGenerator run Hesse - Initial seeding state: 
  Minimum value : 0
  Edm           : 192.8280494
  Internal parameters:	[                0                0                0     0.4205224602   -0.07699914066                0    -0.5235987756   -0.02231930302     0.5235987756]	
  Internal gradient  :	[     -3.395317237     -12.80895126      77.20426935      41.45225713       18.2570856      7.026598489      251.7311631     -33.56439283     -810.7883223]	
  Internal covariance matrix:
[[    0.015704761  0.00037315668  -0.0011715964  3.3323879e-06  0.00054483421  2.1883317e-05 -4.8021497e-05 -0.00031330527  2.6131452e-06]
 [  0.00037315668   0.0014368525 -0.00022987273  4.0972203e-06  2.1353553e-05  4.2632147e-06 -2.7672791e-06  -1.069454e-05 -8.5610782e-07]
 [  -0.0011715964 -0.00022987273  0.00068356608 -2.2022352e-06 -6.0623688e-05 -4.0409518e-06  5.7602347e-06  3.4214141e-05  1.5571841e-07]
 [  3.3323879e-06  4.0972203e-06 -2.2022352e-06  0.00067391919  2.4840229e-05 -1.4808728e-05   1.911635e-06  1.1214877e-05 -3.4322345e-05]
 [  0.00054483421  2.1353553e-05 -6.0623688e-05  2.4840229e-05     0.10978104    0.003856835  -0.0066100503    0.003285928 -0.00085913072]
 [  2.1883317e-05  4.2632147e-06 -4.0409518e-06 -1.4808728e-05    0.003856835    0.024528496  -0.0024535776  0.00037691583  -0.0013838141]
 [ -4.8021497e-05 -2.7672791e-06  5.7602347e-06   1.911635e-06  -0.0066100503  -0.0024535776   0.0041893347 -0.00035321704  0.00042586271]
 [ -0.00031330527  -1.069454e-05  3.4214141e-05  1.1214877e-05    0.003285928  0.00037691583 -0.00035321704   0.0070981153 -0.00022022419]
 [  2.6131452e-06 -8.5610782e-07  1.5571841e-07 -3.4322345e-05 -0.00085913072  -0.0013838141  0.00042586271 -0.00022022419   0.0010077646]]]
Info in <Minuit2>: VariableMetricBuilder Start iterating until Edm is < 0.001 with call limit = 4500
Info in <Minuit2>: VariableMetricBuilder    0 - FCN =                 0 Edm =       192.8280494 NCalls =    110
Info in <Minuit2>: VariableMetricBuilder Start iterating...
Info in <Minuit2>: VariableMetricBuilder Initial State: 
  Parameter: 	[                0                0                0     0.4205224602   -0.07699914066                0    -0.5235987756   -0.02231930302     0.5235987756]	 
  Gradient: 	[     -3.395317237     -12.80895126      77.20426935      41.45225713       18.2570856      7.026598489      251.7311631     -33.56439283     -810.7883223]	 
  InvHessian: 
[[   0.0078523803  0.00018657834  -0.0005857982   1.666194e-06   0.0002724171  1.0941658e-05 -2.4010748e-05 -0.00015665264  1.3065726e-06]
 [  0.00018657834  0.00071842623 -0.00011493637  2.0486101e-06  1.0676777e-05  2.1316074e-06 -1.3836396e-06   -5.34727e-06 -4.2805391e-07]
 [  -0.0005857982 -0.00011493637  0.00034178304 -1.1011176e-06 -3.0311844e-05 -2.0204759e-06  2.8801173e-06   1.710707e-05  7.7859207e-08]
 [   1.666194e-06  2.0486101e-06 -1.1011176e-06   0.0003369596  1.2420114e-05 -7.4043642e-06  9.5581748e-07  5.6074385e-06 -1.7161172e-05]
 [   0.0002724171  1.0676777e-05 -3.0311844e-05  1.2420114e-05     0.05489052   0.0019284175  -0.0033050251    0.001642964 -0.00042956536]
 [  1.0941658e-05  2.1316074e-06 -2.0204759e-06 -7.4043642e-06   0.0019284175    0.012264248  -0.0012267888  0.00018845791 -0.00069190705]
 [ -2.4010748e-05 -1.3836396e-06  2.8801173e-06  9.5581748e-07  -0.0033050251  -0.0012267888   0.0020946673 -0.00017660852  0.00021293136]
 [ -0.00015665264   -5.34727e-06   1.710707e-05  5.6074385e-06    0.001642964  0.00018845791 -0.00017660852   0.0035490577 -0.00011011209]
 [  1.3065726e-06 -4.2805391e-07  7.7859207e-08 -1.7161172e-05 -0.00042956536 -0.00069190705  0.00021293136 -0.00011011209  0.00050388231]]] 
  Edm: 192.828
Info in <Minuit2>: VariableMetricBuilder Iteration 1 Fval 0 numOfCall 110 
  Internal parameters 	[                0                0                0     0.4205224602   -0.07699914066                0    -0.5235987756   -0.02231930302     0.5235987756]	 
  Newton step 	[     0.0710034816    0.01823629933   -0.02932274767   -0.02799203154    -0.4739677364    -0.3666995641    -0.2919794946    0.04082872256      0.364653264]	
Info in <Minuit2>: MnLineSearch gdel -385.656 step 	[     0.0710034816    0.01823629933   -0.02932274767   -0.02799203154    -0.4739677364    -0.3666995641    -0.2919794946    0.04082872256      0.364653264]	
Info in <Minuit2>: MnLineSearch flast -209.356 f0 0 flast-f0 -209.356 slam 1
Info in <Minuit2>: MnLineSearch denom 352.6
Info in <Minuit2>: MnLineSearch new slam 1.09375
Info in <Minuit2>: MnLineSearch after initial 2-point iter: 
  x0, x1, x2: 0 1 1.09375 
  f0, f1, f2: 0 -209.356 -213.716
Info in <Minuit2>: MnLineSearch Iteration 3 
  x0, x1, x2: 0 1 1.09375 
  f0, f1, f2: 0 -209.356 -213.716 
  slamax    : 5 
  p2-p0,p1  : -213.716 -4.3597 
  a, b, c   : 148.894 -358.251 -2.84217e-14
Info in <Minuit2>: MnLineSearch slam 1.20304 undral -100 overall 1000
Info in <Minuit2>: MnLineSearch iterate on f3- slam 3 slam 1.20304 xvmin 1.09375
Info in <Minuit2>: MnLineSearch f3 -216.359 f3-p(2-0).Y() -2.64314 -7.00284 -216.359
Info in <Minuit2>: MnLineSearch f3 -216.359 fvmin -213.716 xvmin 1.09375
Info in <Minuit2>: MnLineSearch Iteration 4 
  x0, x1, x2: 1.20304 1 1.09375 
  f0, f1, f2: -216.359 -209.356 -213.716 
  slamax    : 5 
  p2-p0,p1  : 2.64314 -4.3597 
  a, b, c   : 109.917 -276.643 -42.6311
Info in <Minuit2>: MnLineSearch slam 1.25841 undral -100 overall 1000
Info in <Minuit2>: MnLineSearch iterate on f3- slam 4 slam 1.25841 xvmin 1.20304
Info in <Minuit2>: VariableMetricBuilder Result after line search : 
  x = 1.20304 
  Old Fval = 0 
  New Fval = -216.359 
  NFcalls = 113
Info in <Minuit2>: Numerical2PGradientCalculator Calculating gradient around function value -216.359 
	 at point 	[     0.0854197616      0.021938929   -0.03527632813     0.3868470318    -0.6471995046    -0.4411528651    -0.8748606892    0.02679912989     0.9622898676]	
Info in <Minuit2>: Numerical2PGradientCalculator  parameter cycle              x           step             f1             f2            grd             g2

Info in <Minuit2>: Numerical2PGradientCalculator        Acp    0  0.08541976159705 0.0002855952863103 -216.3592263421 -216.3591148708 -0.1951561560894 133.1817712736

Info in <Minuit2>: Numerical2PGradientCalculator        Acp    1  0.08541976159705 0.0008811534652464 -216.3592963002 -216.3589523691 -0.1951595659171 133.1817686815

Info in <Minuit2>: Numerical2PGradientCalculator     Acp_Ds    0  0.02193892900004 9.001808680708e-05 -216.3593618997 -216.3589796957 -2.122929073261 1293.353702768

Info in <Minuit2>: Numerical2PGradientCalculator     Acp_Ds    1  0.02193892900004 0.0002827582542543 -216.3597246105 -216.3585240587 -2.122929580991 1293.354843283

Info in <Minuit2>: Numerical2PGradientCalculator    Acp_bkg    0  -0.03527632813087 5.816265174574e-05 -216.3603662206 -216.3579734729 -20.56945217019 3660.262146648

Info in <Minuit2>: Numerical2PGradientCalculator    Acp_bkg    1  -0.03527632813087 0.0001680807013783 -216.3625816625 -216.3556670067 -20.56945211893 3660.265171467

Info in <Minuit2>: Numerical2PGradientCalculator    Ds_mean    0  0.3868470317855 6.331322017029e-05 -216.3598439987 -216.3584968456 -10.63879773936 2801.893765744

Info in <Minuit2>: Numerical2PGradientCalculator    Ds_mean    1  0.3868470317855 0.0001921091783528 -216.3611681485 -216.3570805208 -10.63881410333 2801.893591171

Info in <Minuit2>: Numerical2PGradientCalculator    N_total    0  -0.6471995046328 0.0004039802594644 -216.3616128231 -216.3567372168 -6.034461063828 12.47542967176

Info in <Minuit2>: Numerical2PGradientCalculator    N_total    1  -0.6471995046328 0.002879029872363 -216.3764975731 -216.3417510956 -6.03440724906 12.47550604341

Info in <Minuit2>: Numerical2PGradientCalculator N_total_Ds    0  -0.4411528651153 0.000360072917221 -216.3627876602 -216.3555542844 -10.04432070438 78.14128894998

Info in <Minuit2>: Numerical2PGradientCalculator N_total_Ds    1  -0.4411528651153 0.001150359704354 -216.3706788945 -216.3475697747 -10.04430168839 78.14133904197

Info in <Minuit2>: Numerical2PGradientCalculator Nbkg_total    0  -0.8748606891722 0.000144844929948 -216.3579966346 -216.3603489017 8.119949933455 311.7028634602

Info in <Minuit2>: Numerical2PGradientCalculator Nbkg_total    1  -0.8748606891722 0.0005759748770561 -216.35444742 -216.3638012492 8.119997613885 311.7032032268

Info in <Minuit2>: Numerical2PGradientCalculator       mean    0  0.02679912988932 0.00020357424148 -216.358526078 -216.3598128146 3.160362059388 318.1070354878

Info in <Minuit2>: Numerical2PGradientCalculator       mean    1  0.02679912988932 0.0005701476105864 -216.3573224183 -216.3609262511 3.160438376009 318.1068208916

Info in <Minuit2>: Numerical2PGradientCalculator x_bkg1_tau    0  0.9622898675974 7.334028459641e-05 -216.3628245599 -216.3555219988 -49.78546988408 1025.710557116

Info in <Minuit2>: Numerical2PGradientCalculator x_bkg1_tau    1  0.9622898675974 0.0003175130093526 -216.3749318882 -216.3433167809 -49.78553063372 1025.712219226

Info in <Minuit2>: Numerical2PGradientCalculator 
     Parameter      Gradient           g2           step
           Acp -0.1951595659171 133.1817686815 0.0008811534652464
        Acp_Ds -2.122929580991 1293.354843283 0.0002827582542543
       Acp_bkg -20.56945211893 3660.265171467 0.0001680807013783
       Ds_mean -10.63881410333 2801.893591171 0.0001921091783528
       N_total -6.03440724906 12.47550604341 0.002879029872363
    N_total_Ds -10.04430168839 78.14133904197 0.001150359704354
    Nbkg_total 8.119997613885 311.7032032268 0.0005759748770561
          mean 3.160438376009 318.1068208916 0.0005701476105864
    x_bkg1_tau -49.78553063372 1025.712219226 0.0003175130093526

Info in <Minuit2>: DavidonErrorUpdator 
dx 	[     0.0854197616      0.021938929   -0.03527632813    -0.0336754284     -0.570200364    -0.4411528651    -0.3512619136    0.04911843291      0.438691092]	 
dg 	[      3.200157671      10.68602168     -97.77372147     -52.09107123     -24.29149285     -17.07090018     -243.6111655       36.7248312      761.0027917]	 
delgam 448.313 gvg 364.035
Info in <Minuit2>: DavidonErrorUpdator delgam<gvg : use dual (BFGS)  formula
Info in <Minuit2>: VariableMetricBuilder Updated new point: 
  Parameter: 	[     0.0854197616      0.021938929   -0.03527632813     0.3868470318    -0.6471995046    -0.4411528651    -0.8748606892    0.02679912989     0.9622898676]	 
  Gradient: 	[    -0.1951595659     -2.122929581     -20.56945212      -10.6388141     -6.034407249     -10.04430169      8.119997614      3.160438376     -49.78553063]	 
  InvHessian: 
[[    0.015703841  0.00037340144  -0.0011699791  3.5783418e-06  0.00066520165  5.3464754e-05 -7.0640148e-05  -0.0003133468  1.8078892e-05]
 [  0.00037340144   0.0014370389   -0.000229656  3.9707415e-06  4.9057152e-05  9.8900618e-06 -1.0554768e-05 -1.0428588e-05  5.5866243e-06]
 [  -0.0011699791   -0.000229656  0.00068238714 -2.7916357e-06 -0.00011859259 -2.3473941e-05  1.0012766e-05  3.4942829e-05  1.2367932e-07]
 [  3.5783418e-06  3.9707415e-06 -2.7916357e-06  0.00067386826 -2.1833439e-05 -2.6656259e-05  1.1308794e-05  1.1164115e-05 -4.1019079e-05]
 [  0.00066520165  4.9057152e-05 -0.00011859259 -2.1833439e-05     0.10821506   0.0030560966  -0.0069287832   0.0033518879  -0.0003757371]
 [  5.3464754e-05  9.8900618e-06 -2.3473941e-05 -2.6656259e-05   0.0030560966    0.024226829  -0.0024470926  0.00039255818  -0.0013258966]
 [ -7.0640148e-05 -1.0554768e-05  1.0012766e-05  1.1308794e-05  -0.0069287832  -0.0024470926   0.0043909165 -0.00036822802  0.00022667189]
 [  -0.0003133468 -1.0428588e-05  3.4942829e-05  1.1164115e-05   0.0033518879  0.00039255818 -0.00036822802   0.0070983718 -0.00020882732]
 [  1.8078892e-05  5.5866243e-06  1.2367932e-07 -4.1019079e-05  -0.0003757371  -0.0013258966  0.00022667189 -0.00020882732   0.0011908859]]] 
  Edm: 2.19382
Info in <Minuit2>: VariableMetricBuilder    1 - FCN =       -216.359176 Edm =       2.193823062 NCalls =    149
Info in <Minuit2>: VariableMetricBuilder Dcovar = 0.0124668 	Corrected edm = 2.27587
Info in <Minuit2>: VariableMetricBuilder Iteration 2 Fval -216.359 numOfCall 149 
  Internal parameters 	[     0.0854197616      0.021938929   -0.03527632813     0.3868470318    -0.6471995046    -0.4411528651    -0.8748606892    0.02679912989     0.9622898676]	 
  Newton step 	[  -0.006577603502 -0.0003829413385   0.006076878763    0.00227605089     0.3541172086      0.106833785   -0.04465292498  -0.002458334613    0.02105238923]	
Info in <Minuit2>: MnLineSearch gdel -4.77553 step 	[  -0.006577603502 -0.0003829413385   0.006076878763    0.00227605089     0.3541172086      0.106833785   -0.04465292498  -0.002458334613    0.02105238923]	
Info in <Minuit2>: MnLineSearch flast -219.517 f0 -216.359 flast-f0 -3.158 slam 1
Info in <Minuit2>: MnLineSearch denom 3.23505
Info in <Minuit2>: MnLineSearch new slam 1.47618
Info in <Minuit2>: MnLineSearch after initial 2-point iter: 
  x0, x1, x2: 0 1 1.47618 
  f0, f1, f2: -216.359 -219.517 -219.714
Info in <Minuit2>: MnLineSearch Iteration 3 
  x0, x1, x2: 0 1 1.47618 
  f0, f1, f2: -216.359 -219.517 -219.714 
  slamax    : 5 
  p2-p0,p1  : -3.35474 -0.196735 
  a, b, c   : 1.85943 -5.01743 -216.359
Info in <Minuit2>: MnLineSearch slam 1.34919 undral -100 overall 1000
Info in <Minuit2>: MnLineSearch iterate on f3- slam 3 slam 1.34919 xvmin 1.47618
Info in <Minuit2>: MnLineSearch f3 -219.75 f3-p(2-0).Y() -0.0361304 -0.232865 -3.39087
Info in <Minuit2>: MnLineSearch f3 -219.75 fvmin -219.714 xvmin 1.47618
Info in <Minuit2>: MnLineSearch Iteration 4 
  x0, x1, x2: 1.34919 1 1.47618 
  f0, f1, f2: -219.75 -219.517 -219.714 
  slamax    : 5 
  p2-p0,p1  : 0.0361304 -0.196735 
  a, b, c   : 1.99792 -5.36037 -216.155
Info in <Minuit2>: MnLineSearch slam 1.34149 undral -100 overall 1000
Info in <Minuit2>: MnLineSearch iterate on f3- slam 4 slam 1.34149 xvmin 1.34919
Info in <Minuit2>: VariableMetricBuilder Result after line search : 
  x = 1.34919 
  Old Fval = -216.359 
  New Fval = -219.75 
  NFcalls = 152
Info in <Minuit2>: Numerical2PGradientCalculator Calculating gradient around function value -219.75 
	 at point 	[    0.07654533959    0.02142226924    -0.0270774778     0.3899178517    -0.1694289081    -0.2970140321    -0.9351058681    0.02348237497     0.9906934931]	
Info in <Minuit2>: Numerical2PGradientCalculator  parameter cycle              x           step             f1             f2            grd             g2

Info in <Minuit2>: Numerical2PGradientCalculator        Acp    0  0.07654533959056 0.0008880157322026 -219.7478432241 -219.7521162554 2.405943486984 167.0637620248

Info in <Minuit2>: Numerical2PGradientCalculator        Acp    1  0.07654533959056 0.0007928698810803 -219.7480854981 -219.7519006997 2.405944351843 167.063763126

Info in <Minuit2>: Numerical2PGradientCalculator     Acp_Ds    0  0.02142226924081 0.0002849601968547 -219.7493886151 -219.7505955134 2.117661356834 1318.838870362

Info in <Minuit2>: Numerical2PGradientCalculator    Acp_bkg    0  -0.02707747780458 0.0001693896123965 -219.7481510072 -219.7518375842 10.88194524648 3576.843832628

Info in <Minuit2>: Numerical2PGradientCalculator    Ds_mean    0  0.3899178517428 0.0001936052946443 -219.7498448181 -219.7501395643 0.7612038004965 2850.328532229

Info in <Minuit2>: Numerical2PGradientCalculator    N_total    0  -0.1694289081348 0.002901442419992 -219.7461582529 -219.7537388979 1.306357997275 23.0532151514

Info in <Minuit2>: Numerical2PGradientCalculator    N_total    1  -0.1694289081348 0.002134407279133 -219.7472048028 -219.7527813949 1.306356142839 23.05324583335

Info in <Minuit2>: Numerical2PGradientCalculator N_total_Ds    0  -0.2970140320676 0.001159318116736 -219.748200161 -219.7517724573 1.540688553733 88.244998302

Info in <Minuit2>: Numerical2PGradientCalculator Nbkg_total    0  -0.9351058681234 0.0005804601583717 -219.7460092626 -219.7539906243 6.87502971573 271.0749878877

Info in <Minuit2>: Numerical2PGradientCalculator       mean    0  0.02348237496705 0.0005745880085319 -219.747655492 -219.7523030084 4.044216276923 401.9999874795

Info in <Minuit2>: Numerical2PGradientCalculator       mean    1  0.02348237496705 0.000511128419594 -219.747925986 -219.752060212 4.044214538545 401.9996477339

Info in <Minuit2>: Numerical2PGradientCalculator x_bkg1_tau    0  0.9906934930542 0.0003199854888459 -219.7550509195 -219.7449491191 -15.7847789358 890.5356171172

Info in <Minuit2>: Numerical2PGradientCalculator 
     Parameter      Gradient           g2           step
           Acp 2.405944351843 167.063763126 0.0007928698810803
        Acp_Ds 2.117661356834 1318.838870362 0.0002849601968547
       Acp_bkg 10.88194524648 3576.843832628 0.0001693896123965
       Ds_mean 0.7612038004965 2850.328532229 0.0001936052946443
       N_total 1.306356142839 23.05324583335 0.002134407279133
    N_total_Ds 1.540688553733 88.244998302 0.001159318116736
    Nbkg_total 6.87502971573 271.0749878877 0.0005804601583717
          mean 4.044214538545 401.9996477339 0.000511128419594
    x_bkg1_tau -15.7847789358 890.5356171172 0.0003199854888459

Info in <Minuit2>: DavidonErrorUpdator 
dx 	[  -0.008874422006 -0.0005166597592   0.008198850326   0.003070819957     0.4777705965      0.144138833   -0.06024517895  -0.003316754922    0.02840362546]	 
dg 	[      2.601103918      4.240590938      31.45139737       11.4000179      7.340763392      11.58499024     -1.244967898     0.8837761625       34.0007517]	 
delgam 6.48246 gvg 5.2749
Info in <Minuit2>: DavidonErrorUpdator delgam<gvg : use dual (BFGS)  formula
Info in <Minuit2>: VariableMetricBuilder Updated new point: 
  Parameter: 	[    0.07654533959    0.02142226924    -0.0270774778     0.3899178517    -0.1694289081    -0.2970140321    -0.9351058681    0.02348237497     0.9906934931]	 
  Gradient: 	[      2.405944352      2.117661357      10.88194525     0.7612038005      1.306356143      1.540688554      6.875029716      4.044214539     -15.78477894]	 
  InvHessian: 
[[    0.015779677  0.00037765298  -0.0012030629 -9.2921653e-06  -0.0014309307 -0.00056360261  0.00023083507 -0.00025103136 -0.00014435747]
 [  0.00037765298   0.0014372769 -0.00023143098  3.2780383e-06 -6.4170765e-05 -2.3378052e-05  5.8863092e-06 -6.8617848e-06 -3.3466892e-06]
 [  -0.0012030629 -0.00023143098  0.00067878809 -3.6969272e-06 -0.00017288671 -5.4003814e-05 -1.7472437e-05 -8.8079774e-06  3.1837331e-05]
 [ -9.2921653e-06  3.2780383e-06 -3.6969272e-06    0.000673695 -1.6371326e-05 -3.0308116e-05 -2.2385731e-06 -5.4015234e-06 -2.7607286e-05]
 [  -0.0014309307 -6.4170765e-05 -0.00017288671 -1.6371326e-05     0.11410868   0.0040095912  -0.0096725424  0.00073952413   0.0020107795]
 [ -0.00056360261 -2.3378052e-05 -5.4003814e-05 -3.0308116e-05   0.0040095912     0.02426573  -0.0031708855  -0.0003898429 -0.00065492723]
 [  0.00023083507  5.8863092e-06 -1.7472437e-05 -2.2385731e-06  -0.0096725424  -0.0031708855   0.0049891628 -2.4929776e-05 -0.00019319546]
 [ -0.00025103136 -6.8617848e-06 -8.8079774e-06 -5.4015234e-06  0.00073952413  -0.0003898429 -2.4929776e-05   0.0071343586 -0.00037826843]
 [ -0.00014435747 -3.3466892e-06  3.1837331e-05 -2.7607286e-05   0.0020107795 -0.00065492723 -0.00019319546 -0.00037826843   0.0014538143]]] 
  Edm: 0.220499
Info in <Minuit2>: VariableMetricBuilder    2 - FCN =      -219.7500456 Edm =      0.2204991848 NCalls =    176
Info in <Minuit2>: VariableMetricBuilder Dcovar = 0.0632389 	Corrected edm = 0.262332
Info in <Minuit2>: VariableMetricBuilder Iteration 3 Fval -219.75 numOfCall 176 
  Internal parameters 	[    0.07654533959    0.02142226924    -0.0270774778     0.3899178517    -0.1694289081    -0.2970140321    -0.9351058681    0.02348237497     0.9906934931]	 
  Newton step 	[   -0.01288940535 -0.0006910251726  -0.001515890539  -0.000393816174   -0.02726186783   -0.01378449347   -0.01005212016    -0.0171496823    0.01210868544]	
Info in <Minuit2>: MnLineSearch gdel -0.43572 step 	[   -0.01288940535 -0.0006910251726  -0.001515890539  -0.000393816174   -0.02726186783   -0.01378449347   -0.01005212016    -0.0171496823    0.01210868544]	
Info in <Minuit2>: MnLineSearch flast -220.001 f0 -219.75 flast-f0 -0.251145 slam 1
Info in <Minuit2>: MnLineSearch denom 0.36915
Info in <Minuit2>: MnLineSearch new slam 1.18033
Info in <Minuit2>: MnLineSearch after initial 2-point iter: 
  x0, x1, x2: 0 1 1.18033 
  f0, f1, f2: -219.75 -220.001 -220.009
Info in <Minuit2>: MnLineSearch Iteration 3 
  x0, x1, x2: 0 1 1.18033 
  f0, f1, f2: -219.75 -220.001 -220.009 
  slamax    : 5 
  p2-p0,p1  : -0.259102 -0.00795711 
  a, b, c   : 0.175392 -0.426537 -219.75
Info in <Minuit2>: MnLineSearch slam 1.21595 undral -100 overall 1000
Info in <Minuit2>: MnLineSearch iterate on f3- slam 3 slam 1.21595 xvmin 1.18033
Info in <Minuit2>: VariableMetricBuilder Result after line search : 
  x = 1.18033 
  Old Fval = -219.75 
  New Fval = -220.009 
  NFcalls = 178
Info in <Minuit2>: Numerical2PGradientCalculator Calculating gradient around function value -220.009 
	 at point 	[    0.06133154422    0.02060662916   -0.02886673401     0.3894530174    -0.2016070007    -0.3132843298    -0.9469707211   0.003240032514      1.004985779]	
Info in <Minuit2>: Numerical2PGradientCalculator  parameter cycle              x           step             f1             f2            grd             g2

Info in <Minuit2>: Numerical2PGradientCalculator        Acp    0  0.06133154422282 0.0007933361071284 -220.0097231477 -220.0084677747 -0.7911986952237 166.1854197664

Info in <Minuit2>: Numerical2PGradientCalculator     Acp_Ds    0  0.02060662916419 0.0002823595502899 -220.0091032816 -220.0090874323 -0.0280657673881 1314.518478131

Info in <Minuit2>: Numerical2PGradientCalculator    Acp_bkg    0  -0.02886673400617 0.0001714542920527 -220.0090910092 -220.0090992194 0.02394277564473 3581.635588196

Info in <Minuit2>: Numerical2PGradientCalculator    Ds_mean    0  0.3894530173676 0.0001920661764691 -220.0089731768 -220.0092173787 0.6357233137884 2845.287268816

Info in <Minuit2>: Numerical2PGradientCalculator    N_total    0  -0.2016070006976 0.002135660960311 -220.0090382128 -220.0091527643 0.02681874698831 22.92001525313

Info in <Minuit2>: Numerical2PGradientCalculator N_total_Ds    0  -0.3132843298213 0.001091574297217 -220.0086093248 -220.0095819703 0.4455241603997 87.46817365723

Info in <Minuit2>: Numerical2PGradientCalculator Nbkg_total    0  -0.9469707210674 0.0006228072034402 -220.0080558321 -220.0101397464 1.673001127712 257.6459024074

Info in <Minuit2>: Numerical2PGradientCalculator       mean    0  0.003240032513878 0.0005114291930362 -220.0106680182 -220.007524025 -3.073732610774 395.6008975827

Info in <Minuit2>: Numerical2PGradientCalculator x_bkg1_tau    0  1.004985778648 0.0003436154665729 -220.01053061 -220.0076658971 -4.168486559005 838.5539489489

Info in <Minuit2>: Numerical2PGradientCalculator 
     Parameter      Gradient           g2           step
           Acp -0.7911986952237 166.1854197664 0.0007933361071284
        Acp_Ds -0.0280657673881 1314.518478131 0.0002823595502899
       Acp_bkg 0.02394277564473 3581.635588196 0.0001714542920527
       Ds_mean 0.6357233137884 2845.287268816 0.0001920661764691
       N_total 0.02681874698831 22.92001525313 0.002135660960311
    N_total_Ds 0.4455241603997 87.46817365723 0.001091574297217
    Nbkg_total 1.673001127712 257.6459024074 0.0006228072034402
          mean -3.073732610774 395.6008975827 0.0005114291930362
    x_bkg1_tau -4.168486559005 838.5539489489 0.0003436154665729

Info in <Minuit2>: DavidonErrorUpdator 
dx 	[   -0.01521379537 -0.0008156400766  -0.001789256202 -0.0004648343752   -0.03217809256   -0.01627029775   -0.01186485294   -0.02024234245    0.01429228559]	 
dg 	[     -3.197143047     -2.145727124     -10.85800247    -0.1254804867     -1.279537396     -1.095164393     -5.202028588     -7.117947149      11.61629238]	 
delgam 0.500697 gvg 0.467804
Info in <Minuit2>: DavidonErrorUpdator delgam<gvg : use dual (BFGS)  formula
Info in <Minuit2>: VariableMetricBuilder Updated new point: 
  Parameter: 	[    0.06133154422    0.02060662916   -0.02886673401     0.3894530174    -0.2016070007    -0.3132843298    -0.9469707211   0.003240032514      1.004985779]	 
  Gradient: 	[    -0.7911986952   -0.02806576739    0.02394277564     0.6357233138    0.02681874699     0.4455241604      1.673001128     -3.073732611     -4.168486559]	 
  InvHessian: 
[[     0.01532932  0.00036211094  -0.0011919324  3.9109849e-06  -0.0023068419 -0.00038295413  0.00036570316  -0.0010215224 -0.00019988438]
 [  0.00036211094   0.0014369048 -0.00022982254  4.2487179e-06 -9.2935364e-05 -4.4933418e-06  1.9825651e-05 -3.6723508e-05 -1.4404959e-05]
 [  -0.0011919324 -0.00022982254  0.00068763528 -1.8578674e-07 -0.00014033384  3.5788703e-05  4.8375786e-05 -1.4142323e-05 -3.4906571e-05]
